0,508
1,434
2,371
3,325
4,285
5,257
6,251
7,247
8,259
9,285
10,306
11,339
12,374
13,400
14,433
15,460
16,473
17,493
18,499
19,498
20,499
21,490
22,477
23,470
24,454
25,439
26,431
27,414
28,405
29,399
30,385
31,380
32,376
33,365
34,368
35,369
36,366
37,375
38,378
39,378
40,389
41,391
42,394
43,404
44,402
45,404
46,412
47,410
48,417
49,433
50,448
51,484
52,537
53,600
54,688
55,780
56,866
57,955
58,973
59,973
60,973
61,973
62,973
63,973
64,973
65,973
66,954
67,877
68,801
69,721
70,633
71,557
72,484
73,410
74,358
75,311
76,270
77,252
78,241
79,239
80,259
81,278
82,305
83,344
84,371
85,404
86,437
87,457
88,479
89,493
90,495
91,500
92,499
93,485
94,479
95,466
96,450
97,443
98,428
99,414
100,409
101,396
102,388
103,387
104,377
105,374
106,378
107,371
108,373
109,379
110,376
111,383
112,388
113,387
114,396
115,400
116,401
117,410
118,411
119,410
120,417
121,414
122,418
123,432
124,444
125,476
126,531
127,596
128,687
129,791
130,890
131,973
132,973
133,973
134,973
135,973
136,973
137,973
138,973
139,973
140,973
141,973
142,973
143,973
144,876
145,786
146,697
147,600
148,516
149,441
150,369
151,321
152,283
153,253
154,248
155,248
156,259
157,286
158,311
159,341
160,379
161,406
162,433
163,460
164,471
165,482
166,488
167,483
168,482
169,476
170,460
171,453
172,440
173,424
174,418
175,406
176,394
177,391
178,384
179,378
180,382
181,377
182,379
183,389
184,391
185,401
186,411
187,414
188,426
189,436
190,439
191,453
192,458
193,457
194,465
195,462
196,452
197,452
198,440
199,432
200,429
201,422
202,427
203,446
204,469
205,520
206,587
207,658
208,745
209,827
210,893
211,957
212,973
213,973
214,973
215,973
216,973
217,940
218,884
219,826
220,773
221,705
222,641
223,584
224,519
225,468
226,422
227,372
228,339
229,309
230,279
231,271
232,264
233,263
234,278
235,288
236,305
237,330
238,348
239,369
240,391
241,401
242,414
243,424
244,419
245,418
246,414
247,401
248,393
249,383
250,365
251,357
252,343
253,328
254,323
255,311
256,300
257,298
258,287
259,282
260,283
261,273
262,273
263,279
264,277
265,288
266,297
267,302
268,319
269,333
270,343
271,361
272,373
273,380
274,395
275,400
276,406
277,416
278,413
279,413
280,418
281,414
282,421
283,436
284,450
285,485
286,533
287,591
288,675
289,763
290,849
291,942
292,974
293,973
294,973
295,973
296,973
297,973
298,973
299,973
300,973
301,973
302,973
303,911
304,819
305,732
306,639
307,539
308,459
309,384
310,321
311,281
312,249
313,232
314,236
315,241
316,254
317,281
318,298
319,323
320,353
321,375
322,408
323,439
324,459
325,485
326,501
327,505
328,514
329,510
330,497
331,488
332,466
333,446
334,435
335,414
336,397
337,386
338,370
339,360
340,354
341,341
342,339
343,336
344,329
345,335
346,338
347,337
348,348
349,351
350,352
351,362
352,362
353,361
354,368
355,365
356,368
357,378
358,384
359,406
360,442
361,479
362,537
363,605
364,672
365,752
366,825
367,886
368,946
369,972
370,973
371,973
372,974
373,973
374,973
375,973
376,941
377,893
378,826
379,761
380,692
381,611
382,542
383,477
384,414
385,372
386,335
387,302
388,290
389,280
390,279
391,294
392,305
393,321
394,348
395,362
396,381
397,401
398,409
399,422
400,432
401,431
402,439
403,439
404,431
405,432
406,426
407,415
408,416
409,406
410,395
411,392
412,380
413,369
414,370
415,359
416,356
417,358
418,352
419,355
420,359
421,354
422,360
423,363
424,359
425,365
426,365
427,363
428,372
429,372
430,375
431,392
432,405
433,432
434,476
435,522
436,587
437,665
438,741
439,821
440,894
441,947
442,973
443,973
444,973
445,973
446,973
447,973
448,973
449,957
450,910
451,864
452,798
453,733
454,670
455,597
456,535
457,481
458,427
459,389
460,359
461,327
462,315
463,306
464,297
465,308
466,315
467,323
468,343
469,356
470,371
471,393
472,400
473,412
474,425
475,427
476,434
477,438
478,433
479,434
480,432
481,421
482,420
483,413
484,401
485,401
486,393
487,383
488,385
489,377
490,372
491,376
492,371
493,372
494,377
495,375
496,377
497,382
498,377
499,382
500,386
501,384
502,395
503,407
504,422
505,457
506,496
507,548
508,621
509,692
510,770
511,853
512,916
513,972
514,973
515,974
516,973
517,973
518,973
519,973
520,973
521,946
522,894
523,825
524,749
525,678
526,598
527,523
528,459
529,398
530,353
531,325
532,301
533,293
534,298
535,302
536,320
537,342
538,355
539,382
540,404
541,419
542,441
543,454
544,463
545,478
546,479
547,479
548,483
549,475
550,467
551,464
552,451
553,442
554,436
555,419
556,409
557,401
558,385
559,380
560,374
561,362
562,365
563,360
564,355
565,361
566,358
567,359
568,368
569,367
570,375
571,396
572,413
573,448
574,497
575,549
576,622
577,699
578,771
579,851
580,917
581,969
582,973
583,973
584,973
585,973
586,974
587,973
588,974
589,972
590,973
591,973
592,934
593,871
594,802
595,719
596,645
597,574
598,502
599,448
600,401
601,360
602,337
603,317
604,305
605,308
606,309
607,318
608,337
609,349
610,367
611,388
612,398
613,412
614,424
615,425
616,434
617,436
618,429
619,430
620,421
621,407
622,402
623,389
624,374
625,370
626,357
627,346
628,344
629,332
630,329
631,331
632,322
633,323
634,326
635,320
636,325
637,325
638,320
639,328
640,332
641,337
642,357
643,379
644,418
645,478
646,540
647,619
648,708
649,790
650,874
651,952
652,973
653,974
654,973
655,973
656,974
657,973
658,973
659,973
660,973
661,973
662,973
663,973
664,973
665,962
666,872
667,781
668,689
669,591
670,504
671,431
672,360
673,314
674,280
675,251
676,243
677,242
678,244
679,263
680,277
681,294
682,322
683,338
684,353
685,375
686,382
687,388
688,398
689,393
690,395
691,396
692,386
693,383
694,378
695,367
696,368
697,363
698,353
699,353
700,348
701,342
702,346
703,342
704,340
705,347
706,344
707,345
708,351
709,346
710,350
711,354
712,351
713,363
714,381
715,402
716,448
717,502
718,567
719,655
720,738
721,822
722,910
723,972
724,973
725,973
726,973
727,973
728,973
729,973
730,973
731,973
732,973
733,973
734,973
735,973
736,973
737,973
738,974
739,937
740,833
741,726
742,633
743,539
744,462
745,407
746,357
747,326
748,311
749,298
750,301
751,309
752,313
753,330
754,344
755,351
756,367
757,376
758,377
759,388
760,386
761,383
762,387
763,379
764,376
765,375
766,365
767,359
768,357
769,344
770,340
771,336
772,325
773,327
774,326
775,320
776,326
777,325
778,324
779,330
780,328
781,330
782,340
783,342
784,357
785,384
786,413
787,461
788,525
789,597
790,692
791,795
792,891
793,973
794,973
795,973
796,973
797,973
798,973
799,973
800,974
801,974
802,974
803,974
804,973
805,974
806,973
807,974
808,974
809,973
810,974
811,974
812,954
813,845
814,733
815,623
816,538
817,462
818,403
819,371
820,343
821,331
822,336
823,338
824,352
825,370
826,378
827,395
828,408
829,410
830,418
831,419
832,411
833,410
834,402
835,389
836,383
837,367
838,350
839,344
840,326
841,314
842,309
843,295
844,288
845,286
846,277
847,275
848,275
849,269
850,270
851,272
852,268
853,273
854,274
855,271
856,279
857,282
858,280
859,291
860,291
861,292
862,302
863,305
864,310
865,322
866,328
867,339
868,353
869,363
870,380
871,398
872,410
873,429
874,445
875,455
876,475
877,484
878,489
879,505
880,508
881,507
882,517
883,514
884,511
885,512
886,506
887,499
888,497
889,488
890,481
891,474
892,463
893,458
894,454
895,445
896,443
897,438
898,432
899,434
900,431
901,428
902,431
903,430
904,427
905,432
906,429
907,426
908,430
909,428
910,426
911,429
912,427
913,427
914,427
915,425
916,427
917,427
918,424
919,427
920,426
921,423
922,424
923,425
924,422
925,423
926,423
927,421
928,423
929,420
930,418
931,420
932,418
933,417
934,417
935,416
936,416
937,418
938,418
939,421
940,426
941,428
942,434
943,438
944,445
945,454
946,464
947,475
948,486
949,498
950,512
951,524
952,537
953,546
954,553
955,559
956,565
957,568
958,568
959,567
960,565
961,561
962,556
963,550
964,543
965,537
966,529
967,522
968,516
969,509
970,503
971,498
972,492
973,487
974,484
975,482
976,481
977,480
978,478
979,476
980,474
981,473
982,472
983,472
984,470
985,470
986,468
987,467
988,467
989,468
990,467
991,466
992,464
993,462
994,460
995,458
996,458
997,456
998,453
999,451
1000,449
1001,446
1002,445
1003,444
1004,442
1005,440
1006,437
1007,436
1008,436
1009,436
1010,436
1011,437
1012,437
1013,437
1014,436
1015,437
1016,439
1017,443
1018,448
1019,455
1020,464
1021,475
1022,485
1023,496
1024,508
1025,521
1026,534
1027,546
1028,557
1029,565
1030,570
1031,575
1032,577
1033,579
1034,578
1035,576
1036,574
1037,569
1038,563
1039,555
1040,549
1041,541
1042,535
1043,526
1044,518
1045,511
1046,506
1047,502
1048,497
1049,494
1050,493
1051,491
1052,490
1053,490
1054,490
1055,490
1056,489
1057,488
1058,485
1059,485
1060,483
1061,482
1062,482
1063,480
1064,477
1065,475
1066,473
1067,471
1068,471
1069,469
1070,466
1071,466
1072,465
1073,461
1074,458
1075,457
1076,455
1077,453
1078,452
1079,451
1080,449
1081,449
1082,449
1083,448
1084,446
1085,445
1086,444
1087,443
1088,444
1089,447
1090,449
1091,455
1092,461
1093,468
1094,477
1095,487
1096,499
1097,513
1098,526
1099,539
1100,552
1101,562
1102,573
1103,581
1104,587
1105,592
1106,596
1107,599
1108,601
1109,598
1110,595
1111,592
1112,585
1113,579
1114,571
1115,562
1116,552
1117,543
1118,533
1119,524
1120,518
1121,510
1122,505
1123,500
1124,497
1125,497
1126,495
1127,495
1128,494
1129,494
1130,492
1131,491
1132,489
1133,486
1134,486
1135,484
1136,482
1137,481
1138,480
1139,478
1140,475
1141,473
1142,470
1143,466
1144,465
1145,460
1146,457
1147,454
1148,450
1149,449
1150,446
1151,444
1152,443
1153,444
1154,445
1155,446
1156,446
1157,446
1158,448
1159,447
1160,446
1161,447
1162,447
1163,448
1164,449
1165,451
1166,454
1167,457
1168,464
1169,473
1170,482
1171,493
1172,506
1173,519
1174,531
1175,543
1176,554
1177,562
1178,575
1179,582
1180,585
1181,584
1182,582
1183,577
1184,576
1185,573
1186,570
1187,567
1188,561
1189,553
1190,549
1191,542
1192,535
1193,528
1194,520
1195,512
1196,507
1197,502
1198,498
1199,493
1200,490
1201,487
1202,485
1203,482
1204,482
1205,480
1206,480
1207,478
1208,475
1209,474
1210,472
1211,470
1212,470
1213,468
1214,466
1215,465
1216,461
1217,457
1218,454
1219,451
1220,447
1221,444
1222,441
1223,437
1224,433
1225,431
1226,429
1227,428
1228,427
1229,424
1230,423
1231,424
1232,422
1233,421
1234,421
1235,425
1236,423
1237,423
1238,421
1239,422
1240,426
1241,434
1242,442
1243,452
1244,463
1245,474
1246,486
1247,500
1248,514
1249,526
1250,538
1251,548
1252,557
1253,563
1254,567
1255,569
1256,568
1257,564
1258,559
1259,553
1260,545
1261,536
1262,531
1263,522
1264,514
1265,505
1266,497
1267,489
1268,482
1269,476
1270,471
1271,467
1272,465
1273,465
1274,465
1275,464
1276,467
1277,470
1278,468
1279,468
1280,470
1281,468
1282,467
1283,468
1284,467
1285,466
1286,463
1287,462
1288,459
1289,458
1290,456
1291,454
1292,453
1293,451
1294,452
1295,450
1296,448
1297,446
1298,443
1299,443
1300,441
1301,439
1302,439
1303,437
1304,438
1305,437
1306,438
1307,439
1308,441
1309,443
1310,447
1311,452
1312,457
1313,464
1314,473
1315,481
1316,493
1317,504
1318,515
1319,524
1320,532
1321,537
1322,543
1323,546
1324,549
1325,549
1326,548
1327,545
1328,543
1329,540
1330,536
1331,529
1332,521
1333,513
1334,503
1335,495
1336,487
1337,480
1338,473
1339,466
1340,460
1341,457
1342,453
1343,452
1344,452
1345,451
1346,451
1347,449
1348,450
1349,451
1350,454
1351,453
1352,454
1353,452
1354,452
1355,452
1356,450
1357,450
1358,448
1359,446
1360,445
1361,444
1362,443
1363,442
1364,441
1365,440
1366,439
1367,439
1368,439
1369,438
1370,439
1371,441
1372,442
1373,442
1374,442
1375,441
1376,441
1377,441
1378,442
1379,447
1380,450
1381,450
1382,456
1383,463
1384,475
1385,487
1386,501
1387,515
1388,530
1389,542
1390,552
1391,561
1392,568
1393,574
1394,577
1395,578
1396,577
1397,575
1398,569
1399,564
1400,556
1401,550
1402,542
1403,534
1404,528
1405,520
1406,515
1407,510
1408,505
1409,499
1410,494
1411,491
1412,489
1413,487
1414,485
1415,484
1416,483
1417,481
1418,479
1419,478
1420,475
1421,474
1422,475
1423,475
1424,474
1425,474
1426,473
1427,471
1428,471
1429,470
1430,469
1431,466
1432,464
1433,461
1434,457
1435,454
1436,451
1437,448
1438,450
1439,446
1440,443
1441,443
1442,443
1443,444
1444,445
1445,445
1446,447
1447,450
1448,453
1449,456
1450,459
1451,464
1452,468
1453,475
1454,483
1455,493
1456,503
1457,513
1458,523
1459,534
1460,543
1461,552
1462,558
1463,564
1464,568
1465,571
1466,572
1467,574
1468,572
1469,571
1470,567
1471,565
1472,559
1473,550
1474,541
1475,528
1476,519
1477,512
1478,505
1479,502
1480,499
1481,496
1482,496
1483,493
1484,492
1485,492
1486,490
1487,489
1488,488
1489,487
1490,484
1491,482
1492,480
1493,478
1494,478
1495,477
1496,476
1497,476
1498,475
1499,474
1500,471
1501,469
1502,469
1503,467
1504,466
1505,465
1506,464
1507,464
1508,463
1509,462
1510,460
1511,459
1512,458
1513,458
1514,458
1515,458
1516,458
1517,459
1518,460
1519,460
1520,461
1521,463
1522,464
1523,465
1524,468
1525,471
1526,477
1527,483
1528,493
1529,503
1530,514
1531,525
1532,534
1533,543
1534,550
1535,557
1536,562
1537,564
1538,566
1539,564
1540,562
1541,558
1542,553
1543,547
1544,539
1545,534
1546,527
1547,523
1548,517
1549,510
1550,505
1551,501
1552,497
1553,496
1554,494
1555,494
1556,493
1557,491
1558,488
1559,487
1560,485
1561,486
1562,486
1563,486
1564,487
1565,487
1566,486
1567,485
1568,483
1569,480
1570,478
1571,475
1572,473
1573,471
1574,470
1575,468
1576,467
1577,467
1578,466
1579,463
1580,461
1581,460
1582,459
1583,457
1584,457
1585,456
1586,456
1587,456
1588,456
1589,456
1590,456
1591,457
1592,458
1593,460
1594,463
1595,468
1596,472
1597,479
1598,490
1599,501
1600,511
1601,522
1602,532
1603,540
1604,548
1605,557
1606,562
1607,568
1608,567
1609,568
1610,568
1611,569
1612,569
1613,567
1614,563
1615,559
1616,554
1617,546
1618,539
1619,533
1620,526
1621,519
1622,513
1623,506
1624,500
1625,496
1626,494
1627,492
1628,490
1629,488
1630,486
1631,486
1632,487
1633,487
1634,487
1635,486
1636,486
1637,486
1638,485
1639,487
1640,487
1641,488
1642,487
1643,487
1644,487
1645,485
1646,483
1647,480
1648,478
1649,478
1650,476
1651,475
1652,474
1653,471
1654,470
1655,470
1656,467
1657,466
1658,464
1659,462
1660,460
1661,459
1662,457
1663,458
1664,458
1665,460
1666,462
1667,464
1668,466
1669,471
1670,477
1671,482
1672,488
1673,498
1674,506
1675,517
1676,526
1677,537
1678,546
1679,554
1680,560
1681,564
1682,568
1683,571
1684,573
1685,574
1686,573
1687,569
1688,566
1689,560
1690,554
1691,548
1692,541
1693,536
1694,528
1695,521
1696,513
1697,508
1698,502
1699,497
1700,493
1701,489
1702,485
1703,482
1704,480
1705,479
1706,478
1707,479
1708,479
1709,478
1710,478
1711,476
1712,475
1713,476
1714,475
1715,477
1716,477
1717,478
1718,480
1719,479
1720,480
1721,480
1722,478
1723,477
1724,477
1725,475
1726,471
1727,469
1728,467
1729,467
1730,467
1731,467
1732,465
1733,463
1734,463
1735,462
1736,461
1737,461
1738,461
1739,459
1740,463
1741,464
1742,462
1743,463
1744,462
1745,462
1746,464
1747,469
1748,475
1749,483
1750,491
1751,500
1752,509
1753,518
1754,526
1755,532
1756,538
1757,543
1758,547
1759,552
1760,553
1761,554
1762,553
1763,552
1764,549
1765,544
1766,539
1767,534
1768,527
1769,521
1770,513
1771,507
1772,501
1773,496
1774,493
1775,489
1776,485
1777,481
1778,479
1779,480
1780,479
1781,481
1782,481
1783,482
1784,483
1785,483
1786,484
1787,486
1788,487
1789,487
1790,488
1791,486
1792,484
1793,485
1794,484
1795,483
1796,481
1797,478
1798,477
1799,474
1800,473
1801,471
1802,471
1803,471
1804,468
1805,467
1806,466
1807,466
1808,465
1809,465
1810,463
1811,463
1812,462
1813,462
1814,462
1815,463
1816,464
1817,466
1818,468
1819,472
1820,475
1821,482
1822,491
1823,500
1824,509
1825,516
1826,524
1827,532
1828,536
1829,545
1830,552
1831,552
1832,551
1833,551
1834,548
1835,542
1836,538
1837,538
1838,536
1839,533
1840,530
1841,527
1842,522
1843,517
1844,513
1845,509
1846,505
1847,503
1848,500
1849,498
1850,495
1851,492
1852,490
1853,489
1854,488
1855,487
1856,487
1857,488
1858,488
1859,488
1860,487
1861,486
1862,486
1863,488
1864,487
1865,487
1866,487
1867,488
1868,486
1869,485
1870,483
1871,479
1872,478
1873,476
1874,476
1875,474
1876,474
1877,473
1878,473
1879,471
1880,471
1881,469
1882,469
1883,470
1884,469
1885,471
1886,470
1887,473
1888,475
1889,478
1890,481
1891,481
1892,484
1893,487
1894,491
1895,496
1896,503
1897,509
1898,514
1899,519
1900,525
1901,532
1902,537
1903,542
1904,545
1905,549
1906,551
1907,553
1908,552
1909,552
1910,550
1911,548
1912,546
1913,543
1914,540
1915,535
1916,529
1917,526
1918,520
1919,515
1920,510
1921,507
1922,504
1923,501
1924,500
1925,499
1926,500
1927,499
1928,498
1929,499
1930,498
1931,499
1932,498
1933,499
1934,499
1935,498
1936,499
1937,496
1938,494
1939,492
1940,490
1941,488
1942,487
1943,487
1944,485
1945,486
1946,486
1947,486
1948,486
1949,484
1950,482
1951,480
1952,478
1953,475
1954,474
1955,474
1956,473
1957,473
1958,472
1959,471
1960,473
1961,473
1962,473
1963,477
1964,481
1965,485
1966,493
1967,499
1968,508
1969,516
1970,525
1971,533
1972,540
1973,546
1974,551
1975,557
1976,559
1977,561
1978,562
1979,562
1980,564
1981,562
1982,561
1983,558
1984,556
1985,550
1986,547
1987,542
1988,536
1989,531
1990,527
1991,524
1992,519
1993,516
1994,512
1995,511
1996,510
1997,509
1998,507
1999,508
2000,508
2001,507
2002,506
2003,504
2004,503
2005,503
2006,501
2007,500
2008,498
2009,497
2010,498
2011,497
2012,498
2013,496
2014,495
2015,496
2016,494
2017,493
2018,492
2019,490
2020,488
2021,485
2022,485
2023,483
2024,483
2025,482
2026,483
2027,484
2028,485
2029,486
2030,487
2031,486
2032,485
2033,487
2034,486
2035,489
2036,492
2037,495
2038,497
2039,502
2040,509
2041,516
2042,525
2043,534
2044,542
2045,550
2046,558
2047,563
2048,568
2049,572
2050,575
2051,577
2052,577
2053,577
2054,576
2055,572
2056,568
2057,564
2058,559
2059,554
2060,551
2061,545
2062,541
2063,536
2064,530
2065,528
2066,522
2067,519
2068,515
2069,513
2070,510
2071,511
2072,510
2073,511
2074,509
2075,509
2076,508
2077,508
2078,509
2079,510
2080,509
2081,508
2082,507
2083,506
2084,505
2085,504
2086,503
2087,499
2088,497
2089,495
2090,494
2091,492
2092,492
2093,493
2094,495
2095,494
2096,493
2097,494
2098,494
2099,494
2100,491
2101,491
2102,490
2103,488
2104,487
2105,486
2106,485
2107,486
2108,486
2109,487
2110,487
2111,491
2112,493
2113,498
2114,506
2115,513
2116,519
2117,527
2118,534
2119,542
2120,548
2121,555
2122,561
2123,567
2124,573
2125,576
2126,579
2127,581
2128,581
2129,582
2130,581
2131,580
2132,575
2133,571
2134,564
2135,557
2136,550
2137,545
2138,538
2139,531
2140,528
2141,524
2142,521
2143,518
2144,516
2145,514
2146,513
2147,514
2148,512
2149,511
2150,511
2151,512
2152,511
2153,512
2154,511
2155,511
2156,509
2157,507
2158,505
2159,505
2160,505
2161,504
2162,503
2163,501
2164,499
2165,500
2166,500
2167,499
2168,498
2169,496
2170,493
2171,491
2172,491
2173,487
2174,486
2175,487
2176,487
2177,487
2178,487
2179,487
2180,486
2181,487
2182,487
2183,488
2184,485
2185,483
2186,482
2187,484
2188,486
2189,491
2190,496
2191,502
2192,510
2193,518
2194,525
2195,533
2196,541
2197,549
2198,558
2199,564
2200,570
2201,573
2202,576
2203,577
2204,578
2205,577
2206,576
2207,571
2208,566
2209,562
2210,556
2211,549
2212,545
2213,538
2214,533
2215,531
2216,527
2217,525
2218,524
2219,523
2220,521
2221,519
2222,517
2223,516
2224,514
2225,513
2226,512
2227,510
2228,510
2229,511
2230,510
2231,509
2232,507
2233,506
2234,506
2235,505
2236,505
2237,502
2238,500
2239,499
2240,497
2241,497
2242,494
2243,492
2244,493
2245,491
2246,492
2247,490
2248,490
2249,488
2250,489
2251,485
2252,483
2253,482
2254,483
2255,483
2256,483
2257,482
2258,483
2259,484
2260,488
2261,494
2262,501
2263,507
2264,515
2265,527
2266,536
2267,545
2268,552
2269,558
2270,562
2271,567
2272,569
2273,571
2274,573
2275,573
2276,573
2277,571
2278,567
2279,564
2280,559
2281,554
2282,548
2283,542
2284,536
2285,531
2286,527
2287,524
2288,522
2289,521
2290,520
2291,518
2292,516
2293,515
2294,514
2295,511
2296,512
2297,510
2298,509
2299,506
2300,505
2301,504
2302,504
2303,503
2304,502
2305,501
2306,498
2307,497
2308,495
2309,494
2310,495
2311,495
2312,495
2313,494
2314,493
2315,493
2316,491
2317,491
2318,490
2319,489
2320,488
2321,486
2322,484
2323,482
2324,480
2325,480
2326,480
2327,479
2328,481
2329,481
2330,482
2331,484
2332,489
2333,493
2334,497
2335,503
2336,508
2337,515
2338,524
2339,529
2340,537
2341,544
2342,548
2343,555
2344,561
2345,564
2346,568
2347,571
2348,572
2349,574
2350,573
2351,570
2352,565
2353,561
2354,556
2355,549
2356,544
2357,539
2358,532
2359,527
2360,522
2361,518
2362,515
2363,513
2364,512
2365,510
2366,508
2367,505
2368,504
2369,504
2370,504
2371,501
2372,501
2373,499
2374,499
2375,498
2376,499
2377,498
2378,496
2379,496
2380,493
2381,491
2382,488
2383,485
2384,483
2385,482
2386,481
2387,480
2388,479
2389,478
2390,478
2391,476
2392,477
2393,475
2394,474
2395,474
2396,474
2397,475
2398,477
2399,476
2400,477
2401,477
2402,478
2403,478
2404,477
2405,477
2406,478
2407,479
2408,482
2409,485
2410,491
2411,497
2412,504
2413,512
2414,519
2415,527
2416,536
2417,544
2418,551
2419,557
2420,561
2421,566
2422,568
2423,572
2424,573
2425,572
2426,568
2427,565
2428,559
2429,551
2430,545
2431,541
2432,535
2433,533
2434,529
2435,526
2436,524
2437,521
2438,518
2439,516
2440,514
2441,511
2442,508
2443,505
2444,504
2445,503
2446,500
2447,498
2448,496
2449,495
2450,494
2451,494
2452,492
2453,490
2454,492
2455,493
2456,493
2457,491
2458,490
2459,489
2460,487
2461,485
2462,483
2463,483
2464,481
2465,480
2466,480
2467,479
2468,479
2469,478
2470,479
2471,479
2472,478
2473,478
2474,479
2475,479
2476,479
2477,480
2478,482
2479,483
2480,488
2481,494
2482,499
2483,506
2484,513
2485,523
2486,531
2487,539
2488,544
2489,551
2490,556
2491,561
2492,566
2493,568
2494,569
2495,569
2496,567
2497,564
2498,560
2499,557
2500,552
2501,546
2502,540
2503,535
2504,529
2505,522
2506,518
2507,515
2508,510
2509,507
2510,504
2511,503
2512,500
2513,500
2514,499
2515,499
2516,498
2517,496
2518,494
2519,493
2520,493
2521,491
2522,490
2523,490
2524,490
2525,492
2526,493
2527,494
2528,493
2529,493
2530,493
2531,493
2532,492
2533,491
2534,489
2535,488
2536,487
2537,486
2538,483
2539,482
2540,481
2541,480
2542,477
2543,476
2544,477
2545,477
2546,476
2547,477
2548,479
2549,480
2550,482
2551,486
2552,490
2553,496
2554,502
2555,510
2556,517
2557,526
2558,534
2559,543
2560,550
2561,558
2562,562
2563,562
2564,563
2565,563
2566,562
2567,560
2568,558
2569,553
2570,549
2571,545
2572,542
2573,537
2574,530
2575,524
2576,518
2577,512
2578,507
2579,504
2580,502
2581,500
2582,499
2583,499
2584,499
2585,498
2586,496
2587,496
2588,496
2589,495
2590,496
2591,495
2592,494
2593,493
2594,492
2595,491
2596,488
2597,485
2598,484
2599,482
2600,480
2601,480
2602,481
2603,480
2604,482
2605,481
2606,480
2607,479
2608,478
2609,478
2610,477
2611,476
2612,476
2613,474
2614,474
2615,474
2616,474
2617,473
2618,471
2619,469
2620,467
2621,467
2622,468
2623,468
2624,471
2625,476
2626,483
2627,491
2628,498
2629,507
2630,516
2631,524
2632,532
2633,539
2634,546
2635,550
2636,552
2637,553
2638,553
2639,555
2640,555
2641,553
2642,550
2643,549
2644,547
2645,542
2646,540
2647,536
2648,533
2649,528
2650,521
2651,515
2652,509
2653,504
2654,499
2655,496
2656,491
2657,487
2658,483
2659,480
2660,477
2661,476
2662,474
2663,471
2664,468
2665,468
2666,469
2667,467
2668,467
2669,464
2670,463
2671,463
2672,463
2673,462
2674,462
2675,462
2676,462
2677,461
2678,461
2679,461
2680,461
2681,461
2682,461
2683,460
2684,462
2685,463
2686,464
2687,467
2688,468
2689,469
2690,470
2691,470
2692,471
2693,471
2694,474
2695,475
2696,476
2697,480
2698,481
2699,484
2700,487
2701,490
2702,496
2703,502
2704,508
2705,514
2706,520
2707,528
2708,533
2709,539
2710,543
2711,546
2712,547
2713,548
2714,547
2715,545
2716,541
2717,536
2718,533
2719,528
2720,522
2721,518
2722,514
2723,508
2724,504
2725,500
2726,498
2727,495
2728,492
2729,490
2730,490
2731,489
2732,488
2733,486
2734,486
2735,487
2736,488
2737,489
2738,489
2739,489
2740,489
2741,489
2742,487
2743,487
2744,486
2745,484
2746,484
2747,483
2748,482
2749,480
2750,479
2751,476
2752,475
2753,475
2754,474
2755,473
2756,472
2757,472
2758,472
2759,471
2760,473
2761,473
2762,476
2763,477
2764,478
2765,479
2766,477
2767,477
2768,476
2769,474
2770,475
2771,476
2772,479
2773,482
2774,487
2775,494
2776,501
2777,509
2778,516
2779,522
2780,527
2781,533
2782,539
2783,541
2784,542
2785,542
2786,540
2787,539
2788,537
2789,533
2790,530
2791,528
2792,523
2793,520
2794,515
2795,511
2796,506
2797,500
2798,496
2799,495
2800,492
2801,491
2802,490
2803,489
2804,489
2805,490
2806,491
2807,494
2808,493
2809,493
2810,493
2811,491
2812,490
2813,489
2814,488
2815,486
2816,485
2817,483
2818,481
2819,481
2820,483
2821,483
2822,484
2823,481
2824,481
2825,475
2826,471
2827,471
2828,469
2829,470
2830,471
2831,472
2832,472
2833,474
2834,477
2835,479
2836,480
2837,481
2838,480
2839,480
2840,479
2841,478
2842,477
2843,477
2844,479
2845,483
2846,486
2847,490
2848,496
2849,503
2850,511
2851,517
2852,525
2853,532
2854,536
2855,541
2856,544
2857,546
2858,551
2859,550
2860,545
2861,539
2862,533
2863,527
2864,522
2865,518
2866,509
2867,506
2868,503
2869,502
2870,501
2871,501
2872,501
2873,499
2874,497
2875,497
2876,496
2877,494
2878,494
2879,493
2880,493
2881,491
2882,491
2883,490
2884,490
2885,489
2886,488
2887,488
2888,485
2889,483
2890,483
2891,483
2892,484
2893,486
2894,487
2895,487
2896,488
2897,488
2898,486
2899,484
2900,483
2901,484
2902,484
2903,484
2904,485
2905,485
2906,486
2907,486
2908,486
2909,484
2910,483
2911,483
2912,482
2913,483
2914,482
2915,482
2916,483
2917,484
2918,485
2919,487
2920,489
2921,493
2922,499
2923,504
2924,511
2925,517
2926,522
2927,527
2928,533
2929,535
2930,537
2931,539
2932,539
2933,539
2934,537
2935,536
2936,532
2937,530
2938,526
2939,523
2940,521
2941,517
2942,515
2943,513
2944,510
2945,508
2946,505
2947,502
2948,499
2949,495
2950,495
2951,494
2952,493
2953,493
2954,491
2955,491
2956,491
2957,492
2958,491
2959,493
2960,491
2961,490
2962,488
2963,487
2964,484
2965,482
2966,480
2967,480
2968,480
2969,479
2970,478
2971,479
2972,479
2973,481
2974,481
2975,481
2976,480
2977,478
2978,476
2979,475
2980,476
2981,477
2982,476
2983,478
2984,479
2985,478
2986,478
2987,478
2988,478
2989,479
2990,479
2991,481
2992,482
2993,483
2994,487
2995,491
2996,495
2997,501
2998,507
2999,511
3000,518
3001,521
3002,525
3003,531
3004,534
3005,537
3006,536
3007,536
3008,537
3009,535
3010,533
3011,530
3012,526
3013,520
3014,520
3015,513
3016,506
3017,502
3018,498
3019,496
3020,496
3021,495
3022,494
3023,493
3024,494
3025,494
3026,493
3027,494
3028,495
3029,495
3030,495
3031,495
3032,496
3033,495
3034,496
3035,494
3036,493
3037,492
3038,493
3039,491
3040,492
3041,489
3042,487
3043,483
3044,484
3045,483
3046,482
3047,482
3048,483
3049,483
3050,482
3051,481
3052,482
3053,481
3054,483
3055,483
3056,485
3057,489
3058,489
3059,485
3060,485
3061,487
3062,488
3063,492
3064,494
3065,498
3066,503
3067,509
3068,515
3069,521
3070,528
3071,532
3072,534
3073,536
3074,537
3075,537
3076,535
3077,535
3078,534
3079,530
3080,528
3081,526
3082,523
3083,519
3084,514
3085,511
3086,507
3087,502
3088,499
3089,499
3090,497
3091,497
3092,498
3093,496
3094,495
3095,495
3096,494
3097,493
3098,493
3099,493
3100,493
3101,493
3102,493
3103,492
3104,491
3105,492
3106,491
3107,490
3108,487
3109,486
3110,486
3111,485
3112,483
3113,483
3114,483
3115,483
3116,482
3117,481
3118,481
3119,480
3120,480
3121,481
3122,481
3123,482
3124,481
3125,481
3126,481
3127,483
3128,483
3129,486
3130,488
3131,491
3132,497
3133,501
3134,506
3135,512
3136,516
3137,524
3138,530
3139,536
3140,543
3141,548
3142,553
3143,557
3144,559
3145,559
3146,558
3147,556
3148,552
3149,548
3150,543
3151,537
3152,532
3153,527
3154,522
3155,518
3156,512
3157,506
3158,501
3159,496
3160,493
3161,491
3162,490
3163,488
3164,487
3165,488
3166,488
3167,491
3168,490
3169,492
3170,492
3171,493
3172,494
3173,493
3174,493
3175,493
3176,491
3177,490
3178,490
3179,491
3180,493
3181,493
3182,493
3183,493
3184,493
3185,493
3186,493
3187,492
3188,489
3189,488
3190,487
3191,487
3192,486
3193,486
3194,485
3195,482
3196,481
3197,481
3198,481
3199,480
3200,480
3201,483
3202,484
3203,487
3204,491
3205,496
3206,503
3207,509
3208,515
3209,522
3210,529
3211,535
3212,541
3213,547
3214,552
3215,556
3216,557
3217,557
3218,556
3219,554
3220,551
3221,546
3222,542
3223,537
3224,531
3225,525
3226,520
3227,515
3228,510
3229,506
3230,503
3231,500
3232,498
3233,496
3234,496
3235,496
3236,497
3237,497
3238,498
3239,497
3240,497
3241,496
3242,497
3243,495
3244,495
3245,494
3246,493
3247,493
3248,495
3249,496
3250,497
3251,497
3252,498
3253,498
3254,498
3255,497
3256,498
3257,498
3258,497
3259,497
3260,498
3261,498
3262,498
3263,498
3264,497
3265,496
3266,496
3267,496
3268,496
3269,494
3270,491
3271,491
3272,490
3273,490
3274,489
3275,491
3276,494
3277,498
3278,502
3279,508
3280,515
3281,520
3282,527
3283,533
3284,539
3285,543
3286,548
3287,552
3288,554
3289,556
3290,557
3291,556
3292,553
3293,550
3294,545
3295,541
3296,536
3297,531
3298,524
3299,517
3300,510
3301,504
3302,501
3303,497
3304,494
3305,492
3306,491
3307,491
3308,491
3309,492
3310,493
3311,494
3312,496
3313,498
3314,501
3315,501
3316,502
3317,502
3318,500
3319,500
3320,501
3321,501
3322,500
3323,499
3324,496
3325,494
3326,493
3327,491
3328,490
3329,491
3330,489
3331,489
3332,490
3333,490
3334,488
3335,488
3336,488
3337,488
3338,489
3339,491
3340,492
3341,496
3342,497
3343,502
3344,505
3345,509
3346,513
3347,519
3348,525
3349,531
3350,536
3351,543
3352,548
3353,553
3354,557
3355,562
3356,567
3357,571
3358,570
3359,568
3360,564
3361,560
3362,555
3363,547
3364,537
3365,529
3366,521
3367,512
3368,505
3369,500
3370,495
3371,492
3372,490
3373,492
3374,495
3375,497
3376,500
3377,504
3378,507
3379,510
3380,514
3381,521
3382,526
3383,530
3384,535
3385,539
3386,543
3387,546
3388,548
3389,550
3390,552
3391,554
3392,554
3393,556
3394,558
3395,558
3396,558
3397,557
3398,553
3399,552
3400,547
3401,541
3402,533
3403,525
3404,518
3405,510
3406,502
3407,496
3408,491
3409,489
3410,491
3411,500
3412,521
3413,551
3414,596
3415,657
3416,728
3417,811
3418,897
3419,973
3420,972
3421,972
3422,973
3423,973
3424,972
3425,973
3426,973
3427,973
3428,973
3429,973
3430,972
3431,973
3432,973
3433,973
3434,973
3435,973
3436,973
3437,973
3438,973
3439,972
3440,973
3441,973
3442,973
3443,973
3444,973
3445,973
3446,973
3447,972
3448,972
3449,972
3450,973
3451,972
3452,973
3453,890
3454,715
3455,554
3456,413
3457,294
3458,200
3459,128
3460,79
3461,48
3462,34
3463,35
3464,48
3465,69
3466,95
3467,127
3468,162
3469,195
3470,226
3471,256
3472,283
3473,306
3474,326
3475,343
3476,356
3477,367
3478,376
3479,381
3480,386
3481,389
3482,392
3483,395
3484,396
3485,398
3486,402
3487,406
3488,409
3489,413
3490,418
3491,424
3492,433
3493,443
3494,454
3495,463
3496,472
3497,481
3498,488
3499,495
3500,501
3501,509
3502,515
3503,521
3504,525
3505,527
3506,527
3507,525
3508,522
3509,518
3510,511
3511,504
3512,495
3513,489
3514,480
3515,474
3516,467
3517,460
3518,457
3519,454
3520,451
3521,450
3522,450
3523,450
3524,450
3525,452
3526,453
3527,453
3528,453
3529,452
3530,450
3531,450
3532,450
3533,450
3534,450
3535,451
3536,451
3537,451
3538,451
3539,451
3540,453
3541,454
3542,455
3543,454
3544,455
3545,455
3546,457
3547,458
3548,460
3549,461
3550,461
3551,463
3552,465
3553,468
3554,474
3555,490
3556,523
3557,576
3558,647
3559,733
3560,831
3561,931
3562,973
3563,973
3564,973
3565,973
3566,973
3567,973
3568,973
3569,973
3570,973
3571,973
3572,973
3573,972
3574,973
3575,973
3576,973
3577,973
3578,972
3579,972
3580,973
3581,973
3582,972
3583,973
3584,973
3585,973
3586,973
3587,953
3588,854
3589,760
3590,673
3591,599
3592,534
3593,483
3594,443
3595,417
3596,399
3597,386
3598,378
3599,374
3600,370
3601,369
3602,370
3603,371
3604,372
3605,375
3606,376
3607,377
3608,377
3609,377
3610,376
3611,374
3612,374
3613,371
3614,368
3615,365
3616,364
3617,362
3618,359
3619,359
3620,359
3621,358
3622,358
3623,360
3624,364
3625,369
3626,379
3627,397
3628,428
3629,478
3630,545
3631,632
3632,734
3633,843
3634,951
3635,973
3636,972
3637,973
3638,973
3639,973
3640,973
3641,973
3642,973
3643,973
3644,973
3645,973
3646,973
3647,973
3648,973
3649,973
3650,973
3651,973
3652,972
3653,973
3654,973
3655,972
3656,973
3657,973
3658,914
3659,807
3660,708
3661,619
3662,543
3663,479
3664,431
3665,395
3666,371
3667,355
3668,347
3669,345
3670,346
3671,349
3672,354
3673,360
3674,366
3675,371
3676,375
3677,376
3678,379
3679,380
3680,379
3681,375
3682,372
3683,368
3684,366
3685,363
3686,361
3687,358
3688,356
3689,354
3690,351
3691,348
3692,345
3693,343
3694,342
3695,343
3696,345
3697,349
3698,353
3699,359
3700,371
3701,390
3702,419
3703,466
3704,528
3705,608
3706,703
3707,807
3708,913
3709,973
3710,973
3711,973
3712,973
3713,973
3714,973
3715,974
3716,973
3717,973
3718,973
3719,973
3720,974
3721,974
3722,974
3723,973
3724,974
3725,973
3726,974
3727,973
3728,973
3729,974
3730,973
3731,973
3732,973
3733,937
3734,820
3735,710
3736,610
3737,524
3738,452
3739,397
3740,355
3741,324
3742,303
3743,291
3744,285
3745,286
3746,289
3747,295
3748,303
3749,310
3750,316
3751,319
3752,322
3753,323
3754,322
3755,322
3756,318
3757,316
3758,312
3759,308
3760,304
3761,302
3762,299
3763,297
3764,297
3765,296
3766,297
3767,300
3768,303
3769,309
3770,313
3771,322
3772,328
3773,332
3774,339
3775,344
3776,350
3777,358
3778,369
3779,384
3780,406
3781,446
3782,499
3783,570
3784,658
3785,753
3786,855
3787,954
3788,973
3789,973
3790,973
3791,974
3792,973
3793,973
3794,973
3795,973
3796,973
3797,973
3798,973
3799,973
3800,973
3801,973
3802,973
3803,973
3804,973
3805,974
3806,973
3807,973
3808,856
3809,748
3810,650
3811,559
3812,482
3813,421
3814,375
3815,342
3816,320
3817,308
3818,304
3819,304
3820,308
3821,314
3822,319
3823,325
3824,328
3825,331
3826,333
3827,333
3828,332
3829,329
3830,327
3831,323
3832,320
3833,318
3834,315
3835,312
3836,309
3837,307
3838,305
3839,304
3840,304
3841,305
3842,307
3843,310
3844,313
3845,317
3846,320
3847,322
3848,326
3849,331
3850,334
3851,338
3852,344
3853,351
3854,365
3855,387
3856,423
3857,475
3858,543
3859,625
3860,718
3861,813
3862,906
3863,972
3864,973
3865,973
3866,973
3867,973
3868,973
3869,973
3870,973
3871,973
3872,974
3873,973
3874,973
3875,973
3876,973
3877,973
3878,973
3879,973
3880,973
3881,973
3882,894
3883,787
3884,682
3885,585
3886,504
3887,435
3888,381
3889,343
3890,317
3891,301
3892,293
3893,291
3894,295
3895,300
3896,308
3897,316
3898,325
3899,332
3900,338
3901,341
3902,342
3903,343
3904,342
3905,341
3906,339
3907,336
3908,332
3909,327
3910,322
3911,317
3912,313
3913,310
3914,307
3915,304
3916,302
3917,301
3918,300
3919,302
3920,302
3921,302
3922,304
3923,306
3924,306
3925,305
3926,305
3927,307
3928,312
3929,321
3930,338
3931,368
3932,410
3933,469
3934,544
3935,632
3936,729
3937,825
3938,918
3939,973
3940,973
3941,973
3942,973
3943,974
3944,973
3945,974
3946,973
3947,974
3948,973
3949,974
3950,974
3951,973
3952,974
3953,973
3954,973
3955,973
3956,973
3957,925
3958,813
3959,702
3960,599
3961,506
3962,428
3963,369
3964,321
3965,287
3966,263
3967,249
3968,242
3969,242
3970,244
3971,249
3972,257
3973,266
3974,276
3975,285
3976,294
3977,303
3978,309
3979,313
3980,314
3981,318
3982,318
3983,316
3984,313
3985,309
3986,307
3987,304
3988,301
3989,299
3990,296
3991,294
3992,295
3993,295
3994,295
3995,298
3996,299
3997,301
3998,304
3999,307
4000,309
4001,311
4002,314
4003,315
4004,317
4005,323
4006,334
4007,354
4008,385
4009,432
4010,494
4011,570
4012,659
4013,754
4014,847
4015,934
4016,973
4017,973
4018,973
4019,973
4020,973
4021,973
4022,973
4023,973
4024,974
4025,973
4026,973
4027,974
4028,973
4029,973
4030,969
4031,869
4032,772
4033,677
4034,586
4035,505
4036,437
4037,383
4038,342
4039,314
4040,293
4041,283
4042,282
4043,284
4044,292
4045,301
4046,312
4047,324
4048,336
4049,345
4050,351
4051,354
4052,357
4053,357
4054,355
4055,352
4056,348
4057,343
4058,338
4059,334
4060,330
4061,327
4062,324
4063,321
4064,319
4065,318
4066,318
4067,319
4068,318
4069,318
4070,318
4071,319
4072,320
4073,319
4074,320
4075,323
4076,329
4077,341
4078,366
4079,404
4080,457
4081,525
4082,606
4083,695
4084,785
4085,871
4086,949
4087,974
4088,973
4089,973
4090,973
4091,973
4092,973
4093,973
4094,973
4095,974
4096,973
4097,973
4098,973
4099,921
4100,833
4101,741
4102,648
4103,560
4104,480
4105,413
4106,358
4107,317
4108,286
4109,267
4110,258
4111,256
4112,258
4113,266
4114,279
4115,294
4116,308
4117,321
4118,331
4119,341
4120,345
4121,350
4122,351
4123,350
4124,349
4125,344
4126,340
4127,335
4128,331
4129,325
4130,320
4131,314
4132,310
4133,306
4134,303
4135,302
4136,301
4137,302
4138,304
4139,305
4140,306
4141,308
4142,308
4143,312
4144,313
4145,315
4146,318
4147,321
4148,326
4149,334
4150,347
4151,374
4152,416
4153,477
4154,554
4155,643
4156,740
4157,835
4158,926
4159,973
4160,973
4161,973
4162,973
4163,973
4164,973
4165,973
4166,973
4167,973
4168,973
4169,974
4170,974
4171,973
4172,951
4173,860
4174,764
4175,670
4176,581
4177,502
4178,434
4179,382
4180,343
4181,318
4182,304
4183,301
4184,306
4185,316
4186,326
4187,340
4188,353
4189,365
4190,373
4191,378
4192,377
4193,374
4194,368
4195,357
4196,346
4197,332
4198,317
4199,302
4200,285
4201,269
4202,255
4203,245
4204,236
4205,230
4206,225
4207,220
4208,218
4209,219
4210,223
4211,228
4212,233
4213,239
4214,245
4215,249
4216,255
4217,262
4218,268
4219,274
4220,280
4221,288
4222,300
4223,319
4224,352
4225,400
4226,469
4227,553
4228,651
4229,752
4230,848
4231,935
4232,973
4233,973
4234,973
4235,973
4236,972
4237,973
4238,974
4239,973
4240,973
4241,974
4242,972
4243,973
4244,948
4245,857
4246,764
4247,670
4248,582
4249,501
4250,435
4251,384
4252,346
4253,321
4254,307
4255,301
4256,302
4257,307
4258,316
4259,325
4260,335
4261,344
4262,353
4263,361
4264,366
4265,367
4266,366
4267,362
4268,358
4269,351
4270,344
4271,337
4272,330
4273,323
4274,315
4275,309
4276,303
4277,296
4278,289
4279,284
4280,282
4281,277
4282,272
4283,270
4284,269
4285,268
4286,269
4287,269
4288,272
4289,272
4290,277
4291,286
4292,302
4293,330
4294,370
4295,426
4296,498
4297,584
4298,676
4299,772
4300,864
4301,945
4302,972
4303,973
4304,974
4305,974
4306,973
4307,973
4308,973
4309,973
4310,973
4311,973
4312,973
4313,973
4314,883
4315,793
4316,701
4317,610
4318,527
4319,452
4320,390
4321,339
4322,299
4323,270
4324,250
4325,235
4326,229
4327,226
4328,226
4329,229
4330,234
4331,237
4332,240
4333,242
4334,243
4335,243
4336,242
4337,238
4338,238
4339,236
4340,235
4341,237
4342,239
4343,241
4344,246
4345,250
4346,255
4347,260
4348,266
4349,273
4350,277
4351,282
4352,287
4353,291
4354,294
4355,299
4356,306
4357,312
4358,319
4359,326
4360,336
4361,346
4362,359
4363,374
4364,392
4365,415
4366,438
4367,464
4368,487
4369,513
4370,536
4371,556
4372,571
4373,583
4374,589
4375,591
4376,586
4377,576
4378,563
4379,545
4380,525
4381,501
4382,478
4383,456
4384,436
4385,418
4386,400
4387,383
4388,370
4389,357
4390,347
4391,341
4392,337
4393,336
4394,337
4395,339
4396,341
4397,344
4398,346
4399,351
4400,357
4401,361
4402,366
4403,370
4404,375
4405,380
4406,385
4407,390
4408,392
4409,394
4410,396
4411,397
4412,398
4413,398
4414,399
4415,399
4416,400
4417,399
4418,397
4419,394
4420,394
4421,392
4422,392
4423,391
4424,390
4425,388
4426,387
4427,388
4428,388
4429,392
4430,395
4431,398
4432,405
4433,415
4434,426
4435,439
4436,453
4437,466
4438,482
4439,496
4440,510
4441,521
4442,529
4443,536
4444,541
4445,539
4446,536
4447,531
4448,524
4449,513
4450,504
4451,492
4452,483
4453,472
4454,463
4455,455
4456,446
4457,440
4458,434
4459,431
4460,428
4461,425
4462,424
4463,424
4464,426
4465,429
4466,432
4467,435
4468,439
4469,442
4470,444
4471,446
4472,449
4473,452
4474,452
4475,450
4476,451
4477,451
4478,449
4479,447
4480,446
4481,445
4482,446
4483,444
4484,444
4485,443
4486,443
4487,442
4488,444
4489,443
4490,445
4491,445
4492,445
4493,446
4494,444
4495,444
4496,444
4497,443
4498,443
4499,442
4500,445
4501,448
4502,451
4503,456
4504,463
4505,471
4506,482
4507,493
4508,507
4509,522
4510,538
4511,552
4512,565
4513,575
4514,580
4515,583
4516,585
4517,583
4518,577
4519,570
4520,561
4521,550
4522,538
4523,525
4524,514
4525,501
4526,490
4527,478
4528,467
4529,459
4530,454
4531,449
4532,446
4533,446
4534,446
4535,446
4536,447
4537,449
4538,449
4539,451
4540,451
4541,453
4542,456
4543,456
4544,457
4545,459
4546,461
4547,461
4548,462
4549,461
4550,460
4551,459
4552,457
4553,457
4554,457
4555,456
4556,455
4557,456
4558,456
4559,456
4560,456
4561,456
4562,457
4563,458
4564,459
4565,460
4566,460
4567,460
4568,458
4569,458
4570,457
4571,457
4572,457
4573,458
4574,462
4575,468
4576,475
4577,484
4578,496
4579,512
4580,530
4581,548
4582,567
4583,584
4584,596
4585,607
4586,612
4587,613
4588,610
4589,603
4590,597
4591,586
4592,575
4593,561
4594,547
4595,533
4596,518
4597,506
4598,494
4599,484
4600,476
4601,470
4602,464
4603,461
4604,459
4605,458
4606,457
4607,457
4608,457
4609,456
4610,455
4611,456
4612,456
4613,457
4614,459
4615,461
4616,461
4617,461
4618,463
4619,464
4620,465
4621,466
4622,465
4623,466
4624,468
4625,468
4626,469
4627,469
4628,467
4629,469
4630,470
4631,470
4632,470
4633,471
4634,469
4635,468
4636,467
4637,467
4638,467
4639,467
4640,466
4641,466
4642,467
4643,468
4644,472
4645,479
4646,490
4647,506
4648,525
4649,549
4650,575
4651,600
4652,623
4653,642
4654,659
4655,670
4656,676
4657,678
4658,675
4659,667
4660,656
4661,642
4662,625
4663,605
4664,585
4665,565
4666,545
4667,526
4668,510
4669,496
4670,485
4671,476
4672,470
4673,465
4674,462
4675,459
4676,459
4677,458
4678,459
4679,460
4680,462
4681,463
4682,465
4683,465
4684,467
4685,466
4686,466
4687,464
4688,463
4689,461
4690,459
4691,459
4692,458
4693,457
4694,456
4695,456
4696,456
4697,455
4698,455
4699,457
4700,460
4701,461
4702,462
4703,463
4704,463
4705,462
4706,460
4707,458
4708,456
4709,455
4710,454
4711,453
4712,452
4713,453
4714,453
4715,454
4716,458
4717,465
4718,477
4719,496
4720,526
4721,566
4722,612
4723,661
4724,710
4725,756
4726,799
4727,833
4728,864
4729,886
4730,903
4731,914
4732,916
4733,913
4734,904
4735,887
4736,865
4737,838
4738,806
4739,770
4740,731
4741,690
4742,651
4743,609
4744,571
4745,537
4746,507
4747,479
4748,457
4749,439
4750,425
4751,413
4752,405
4753,398
4754,394
4755,391
4756,390
4757,389
4758,391
4759,392
4760,395
4761,397
4762,400
4763,402
4764,405
4765,407
4766,409
4767,410
4768,410
4769,410
4770,412
4771,413
4772,414
4773,418
4774,419
4775,420
4776,423
4777,422
4778,423
4779,424
4780,423
4781,424
4782,425
4783,426
4784,426
4785,425
4786,427
4787,428
4788,431
4789,432
4790,436
4791,442
4792,448
4793,463
4794,484
4795,516
4796,559
4797,610
4798,664
4799,720
4800,776
4801,828
4802,871
4803,909
4804,936
4805,956
4806,964
4807,962
4808,952
4809,932
4810,906
4811,873
4812,832
4813,787
4814,739
4815,687
4816,636
4817,587
4818,542
4819,499
4820,462
4821,431
4822,408
4823,389
4824,376
4825,367
4826,360
4827,356
4828,356
4829,358
4830,360
4831,363
4832,367
4833,371
4834,374
4835,377
4836,379
4837,382
4838,384
4839,384
4840,388
4841,389
4842,391
4843,392
4844,393
4845,395
4846,396
4847,396
4848,395
4849,395
4850,395
4851,396
4852,399
4853,401
4854,405
4855,409
4856,412
4857,414
4858,417
4859,420
4860,423
4861,425
4862,426
4863,429
4864,432
4865,434
4866,438
4867,443
4868,457
4869,477
4870,507
4871,548
4872,600
4873,657
4874,717
4875,776
4876,829
4877,875
4878,915
4879,945
4880,968
4881,973
4882,973
4883,973
4884,953
4885,926
4886,891
4887,850
4888,806
4889,757
4890,705
4891,656
4892,609
4893,566
4894,527
4895,492
4896,464
4897,444
4898,426
4899,414
4900,403
4901,395
4902,388
4903,384
4904,381
4905,379
4906,377
4907,376
4908,375
4909,374
4910,375
4911,375
4912,376
4913,377
4914,380
4915,383
4916,385
4917,385
4918,385
4919,384
4920,386
4921,388
4922,390
4923,392
4924,394
4925,395
4926,397
4927,400
4928,401
4929,404
4930,407
4931,411
4932,415
4933,418
4934,422
4935,423
4936,427
4937,427
4938,428
4939,431
4940,435
4941,438
4942,443
4943,451
4944,459
4945,473
4946,491
4947,511
4948,534
4949,560
4950,585
4951,608
4952,628
4953,645
4954,658
4955,669
4956,674
4957,676
4958,673
4959,665
4960,652
4961,636
4962,615
4963,592
4964,567
4965,544
4966,520
4967,497
4968,477
4969,459
4970,445
4971,434
4972,423
4973,416
4974,410
4975,407
4976,406
4977,405
4978,404
4979,406
4980,407
4981,410
4982,415
4983,421
4984,425
4985,430
4986,431
4987,434
4988,435
4989,435
4990,435
4991,435
4992,436
4993,435
4994,437
4995,437
4996,437
4997,438
4998,439
4999,441
5000,442
5001,442
5002,444
5003,444
5004,446
5005,446
5006,447
5007,448
5008,449
5009,451
5010,451
5011,452
5012,453
5013,453
5014,453
5015,454
5016,454
5017,455
5018,456
5019,461
5020,468
5021,480
5022,498
5023,523
5024,557
5025,596
5026,637
5027,680
5028,720
5029,757
5030,790
5031,816
5032,838
5033,853
5034,864
5035,870
5036,869
5037,863
5038,850
5039,832
5040,808
5041,780
5042,748
5043,714
5044,679
5045,642
5046,606
5047,572
5048,541
5049,514
5050,491
5051,473
5052,459
5053,448
5054,438
5055,431
5056,427
5057,425
5058,425
5059,423
5060,423
5061,422
5062,423
5063,422
5064,422
5065,423
5066,423
5067,424
5068,423
5069,422
5070,421
5071,419
5072,418
5073,416
5074,414
5075,414
5076,413
5077,415
5078,417
5079,418
5080,419
5081,420
5082,423
5083,426
5084,430
5085,432
5086,434
5087,434
5088,435
5089,434
5090,434
5091,434
5092,435
5093,437
5094,439
5095,441
5096,444
5097,448
5098,454
5099,465
5100,483
5101,511
5102,548
5103,591
5104,640
5105,691
5106,741
5107,789
5108,833
5109,872
5110,902
5111,924
5112,938
5113,940
5114,935
5115,920
5116,896
5117,864
5118,824
5119,779
5120,733
5121,686
5122,638
5123,591
5124,547
5125,506
5126,472
5127,443
5128,421
5129,403
5130,390
5131,381
5132,374
5133,369
5134,367
5135,367
5136,367
5137,370
5138,371
5139,375
5140,377
5141,381
5142,387
5143,393
5144,396
5145,398
5146,401
5147,402
5148,404
5149,407
5150,409
5151,412
5152,414
5153,416
5154,417
5155,419
5156,420
5157,421
5158,421
5159,420
5160,420
5161,418
5162,420
5163,419
5164,421
5165,422
5166,425
5167,425
5168,428
5169,428
5170,432
5171,437
5172,441
5173,448
5174,459
5175,474
5176,493
5177,520
5178,549
5179,579
5180,611
5181,638
5182,663
5183,684
5184,700
5185,712
5186,718
5187,722
5188,719
5189,713
5190,704
5191,690
5192,672
5193,651
5194,628
5195,603
5196,574
5197,551
5198,526
5199,502
5200,479
5201,463
5202,449
5203,436
5204,426
5205,421
5206,416
5207,415
5208,415
5209,415
5210,416
5211,418
5212,419
5213,422
5214,422
5215,425
5216,426
5217,428
5218,431
5219,433
5220,435
5221,437
5222,437
5223,439
5224,440
5225,441
5226,440
5227,442
5228,442
5229,441
5230,440
5231,441
5232,441
5233,439
5234,438
5235,439
5236,438
5237,438
5238,437
5239,438
5240,439
5241,439
5242,440
5243,441
5244,440
5245,441
5246,442
5247,447
5248,454
5249,470
5250,496
5251,536
5252,588
5253,648
5254,712
5255,777
5256,841
5257,899
5258,952
5259,973
5260,972
5261,973
5262,973
5263,973
5264,973
5265,973
5266,973
5267,973
5268,972
5269,973
5270,948
5271,884
5272,815
5273,746
5274,679
5275,614
5276,558
5277,507
5278,465
5279,432
5280,408
5281,388
5282,377
5283,369
5284,363
5285,360
5286,358
5287,360
5288,361
5289,362
5290,362
5291,361
5292,361
5293,360
5294,358
5295,359
5296,361
5297,362
5298,362
5299,362
5300,363
5301,364
5302,365
5303,368
5304,371
5305,374
5306,379
5307,382
5308,386
5309,390
5310,395
5311,399
5312,402
5313,406
5314,409
5315,415
5316,419
5317,421
5318,423
5319,425
5320,427
5321,427
5322,429
5323,430
5324,434
5325,437
5326,441
5327,449
5328,462
5329,483
5330,519
5331,567
5332,626
5333,689
5334,757
5335,823
5336,883
5337,936
5338,973
5339,973
5340,972
5341,973
5342,972
5343,973
5344,972
5345,973
5346,926
5347,868
5348,801
5349,731
5350,660
5351,590
5352,526
5353,467
5354,419
5355,379
5356,347
5357,322
5358,303
5359,291
5360,285
5361,281
5362,284
5363,290
5364,294
5365,302
5366,310
5367,319
5368,326
5369,334
5370,342
5371,351
5372,359
5373,367
5374,376
5375,383
5376,390
5377,397
5378,402
5379,409
5380,413
5381,422
5382,430
5383,437
5384,444
5385,450
5386,455
5387,459
5388,463
5389,466
5390,467
5391,466
5392,466
5393,461
5394,458
5395,454
5396,448
5397,442
5398,439
5399,434
5400,431
5401,428
5402,426
5403,429
5404,430
5405,435
5406,441
5407,449
5408,454
5409,460
5410,466
5411,475
5412,481
5413,489
5414,496
5415,504
5416,509
5417,512
5418,515
5419,517
5420,516
5421,516
5422,514
5423,512
5424,508
5425,506
5426,502
5427,497
5428,491
5429,486
5430,482
5431,478
5432,475
5433,471
5434,471
5435,471
5436,471
5437,471
5438,471
5439,473
5440,475
5441,477
5442,478
5443,480
5444,480
5445,481
5446,482
5447,484
5448,484
5449,485
5450,485
5451,481
5452,479
5453,476
5454,475
5455,474
5456,473
5457,471
5458,471
5459,470
5460,471
5461,472
5462,473
5463,473
5464,474
5465,475
5466,478
5467,478
5468,481
5469,483
5470,485
5471,486
5472,488
5473,490
5474,492
5475,495
5476,499
5477,503
5478,508
5479,513
5480,517
5481,521
5482,524
5483,527
5484,530
5485,533
5486,535
5487,537
5488,537
5489,537
5490,534
5491,534
5492,531
5493,529
5494,525
5495,524
5496,522
5497,519
5498,514
5499,512
5500,509
5501,506
5502,504
5503,501
5504,502
5505,501
5506,502
5507,501
5508,499
5509,498
5510,496
5511,496
5512,495
5513,493
5514,492
5515,493
5516,492
5517,490
5518,491
5519,491
5520,491
5521,491
5522,490
5523,490
5524,488
5525,486
5526,483
5527,480
5528,478
5529,475
5530,472
5531,469
5532,468
5533,467
5534,467
5535,465
5536,465
5537,464
5538,464
5539,465
5540,465
5541,466
5542,464
5543,465
5544,466
5545,469
5546,469
5547,472
5548,479
5549,485
5550,494
5551,505
5552,519
5553,533
5554,547
5555,561
5556,573
5557,582
5558,589
5559,595
5560,597
5561,597
5562,595
5563,591
5564,582
5565,573
5566,563
5567,551
5568,540
5569,530
5570,521
5571,513
5572,505
5573,498
5574,492
5575,486
5576,483
5577,482
5578,480
5579,479
5580,479
5581,479
5582,477
5583,478
5584,477
5585,478
5586,477
5587,478
5588,478
5589,480
5590,479
5591,479
5592,481
5593,480
5594,478
5595,477
5596,475
5597,474
5598,472
5599,472
5600,473
5601,473
5602,473
5603,474
5604,475
5605,475
5606,476
5607,476
5608,476
5609,475
5610,473
5611,472
5612,473
5613,471
5614,472
5615,472
5616,472
5617,474
5618,477
5619,481
5620,486
5621,492
5622,498
5623,507
5624,518
5625,530
5626,542
5627,553
5628,563
5629,573
5630,583
5631,589
5632,593
5633,594
5634,592
5635,590
5636,586
5637,581
5638,573
5639,565
5640,555
5641,547
5642,539
5643,533
5644,526
5645,521
5646,516
5647,510
5648,505
5649,501
5650,496
5651,493
5652,491
5653,488
5654,488
5655,486
5656,486
5657,485
5658,487
5659,489
5660,491
5661,493
5662,496
5663,497
5664,497
5665,497
5666,497
5667,495
5668,492
5669,490
5670,489
5671,488
5672,486
5673,485
5674,484
5675,483
5676,482
5677,481
5678,481
5679,479
5680,480
5681,479
5682,479
5683,479
5684,480
5685,481
5686,483
5687,484
5688,488
5689,491
5690,496
5691,501
5692,512
5693,526
5694,541
5695,560
5696,578
5697,597
5698,612
5699,627
5700,641
5701,651
5702,659
5703,663
5704,666
5705,664
5706,659
5707,653
5708,643
5709,631
5710,619
5711,606
5712,590
5713,576
5714,559
5715,546
5716,532
5717,520
5718,511
5719,503
5720,497
5721,494
5722,492
5723,492
5724,494
5725,495
5726,496
5727,496
5728,495
5729,495
5730,494
5731,497
5732,499
5733,494
5734,489
5735,487
5736,488
5737,488
5738,488
5739,487
5740,485
5741,484
5742,485
5743,487
5744,487
5745,486
5746,485
5747,483
5748,482
5749,480
5750,480
5751,481
5752,479
5753,478
5754,476
5755,473
5756,471
5757,469
5758,469
5759,471
5760,474
5761,478
5762,481
5763,488
5764,495
5765,506
5766,519
5767,539
5768,564
5769,593
5770,628
5771,666
5772,708
5773,753
5774,797
5775,840
5776,881
5777,918
5778,952
5779,973
5780,972
5781,973
5782,973
5783,972
5784,972
5785,951
5786,914
5787,871
5788,824
5789,776
5790,725
5791,676
5792,631
5793,585
5794,541
5795,504
5796,472
5797,448
5798,429
5799,416
5800,405
5801,398
5802,393
5803,393
5804,394
5805,392
5806,393
5807,391
5808,395
5809,399
5810,405
5811,412
5812,418
5813,425
5814,430
5815,433
5816,438
5817,440
5818,442
5819,444
5820,444
5821,445
5822,445
5823,447
5824,447
5825,448
5826,447
5827,445
5828,444
5829,442
5830,441
5831,440
5832,441
5833,442
5834,442
5835,444
5836,444
5837,447
5838,450
5839,453
5840,456
5841,460
5842,467
5843,476
5844,487
5845,507
5846,533
5847,566
5848,606
5849,651
5850,700
5851,750
5852,798
5853,841
5854,880
5855,912
5856,934
5857,947
5858,950
5859,942
5860,923
5861,896
5862,859
5863,820
5864,777
5865,734
5866,689
5867,645
5868,604
5869,566
5870,532
5871,505
5872,480
5873,462
5874,449
5875,440
5876,434
5877,428
5878,425
5879,421
5880,419
5881,417
5882,418
5883,417
5884,419
5885,420
5886,421
5887,422
5888,423
5889,424
5890,426
5891,426
5892,427
5893,424
5894,426
5895,425
5896,424
5897,425
5898,425
5899,424
5900,425
5901,424
5902,424
5903,424
5904,425
5905,426
5906,428
5907,429
5908,430
5909,430
5910,431
5911,431
5912,433
5913,437
5914,446
5915,460
5916,483
5917,514
5918,559
5919,617
5920,682
5921,755
5922,827
5923,895
5924,955
5925,973
5926,973
5927,973
5928,972
5929,972
5930,973
5931,973
5932,972
5933,973
5934,973
5935,966
5936,902
5937,838
5938,770
5939,704
5940,645
5941,594
5942,549
