0,346
1,345
2,349
3,359
4,357
5,362
6,369
7,369
8,378
9,386
10,385
11,393
12,401
13,412
14,439
15,469
16,510
17,567
18,625
19,689
20,757
21,809
22,859
23,896
24,913
25,924
26,918
27,898
28,877
29,841
30,799
31,760
32,710
33,663
34,622
35,571
36,531
37,496
38,457
39,432
40,412
41,395
42,394
43,393
44,394
45,410
46,418
47,431
48,450
49,457
50,469
51,481
52,481
53,484
54,485
55,475
56,474
57,466
58,452
59,447
60,432
61,419
62,413
63,398
64,388
65,385
66,372
67,367
68,364
69,354
70,354
71,353
72,345
73,349
74,345
75,340
76,344
77,340
78,339
79,346
80,341
81,346
82,355
83,359
84,380
85,409
86,445
87,503
88,569
89,642
90,727
91,800
92,865
93,924
94,955
95,975
96,977
97,961
98,935
99,893
100,836
101,782
102,718
103,646
104,583
105,515
106,450
107,402
108,352
109,316
110,294
111,275
112,273
113,284
114,295
115,322
116,355
117,386
118,426
119,461
120,489
121,520
122,533
123,545
124,553
125,545
126,535
127,523
128,496
129,474
130,452
131,421
132,400
133,376
134,348
135,332
136,312
137,293
138,285
139,271
140,265
141,265
142,260
143,265
144,274
145,277
146,291
147,307
148,317
149,340
150,357
151,371
152,397
153,416
154,438
155,473
156,501
157,543
158,592
159,638
160,693
161,743
162,780
163,817
164,834
165,836
166,834
167,812
168,780
169,748
170,699
171,651
172,603
173,546
174,498
175,455
176,407
177,376
178,348
179,320
180,310
181,301
182,297
183,307
184,312
185,324
186,346
187,357
188,375
189,394
190,401
191,415
192,422
193,421
194,427
195,423
196,415
197,413
198,403
199,392
200,391
201,376
202,369
203,367
204,356
205,352
206,350
207,342
208,344
209,343
210,338
211,344
212,344
213,347
214,357
215,358
216,363
217,374
218,374
219,381
220,390
221,391
222,400
223,412
224,423
225,453
226,485
227,524
228,581
229,638
230,697
231,760
232,805
233,849
234,883
235,896
236,904
237,900
238,878
239,857
240,824
241,783
242,749
243,702
244,655
245,617
246,572
247,534
248,504
249,472
250,457
251,446
252,438
253,442
254,451
255,458
256,480
257,496
258,508
259,529
260,536
261,546
262,557
263,553
264,552
265,547
266,531
267,522
268,506
269,485
270,474
271,457
272,438
273,428
274,414
275,401
276,398
277,387
278,382
279,384
280,375
281,377
282,381
283,375
284,383
285,385
286,381
287,389
288,389
289,390
290,402
291,411
292,431
293,468
294,506
295,563
296,632
297,696
298,771
299,838
300,889
301,940
302,966
303,976
304,978
305,964
306,940
307,912
308,866
309,821
310,776
311,718
312,669
313,621
314,567
315,529
316,488
317,450
318,434
319,414
320,403
321,407
322,409
323,418
324,436
325,445
326,463
327,480
328,488
329,504
330,511
331,510
332,517
333,513
334,504
335,503
336,490
337,478
338,473
339,457
340,448
341,440
342,426
343,421
344,414
345,402
346,401
347,396
348,389
349,394
350,391
351,391
352,399
353,400
354,404
355,414
356,415
357,423
358,435
359,443
360,470
361,501
362,543
363,606
364,674
365,750
366,837
367,910
368,977
369,977
370,977
371,978
372,977
373,978
374,977
375,978
376,978
377,977
378,978
379,977
380,977
381,915
382,842
383,776
384,700
385,635
386,577
387,520
388,479
389,445
390,415
391,404
392,396
393,390
394,400
395,406
396,414
397,429
398,436
399,444
400,456
401,456
402,458
403,459
404,454
405,453
406,448
407,436
408,433
409,423
410,408
411,402
412,389
413,378
414,378
415,366
416,362
417,362
418,354
419,355
420,354
421,347
422,352
423,348
424,343
425,345
426,340
427,340
428,351
429,361
430,388
431,432
432,484
433,555
434,640
435,723
436,817
437,898
438,963
439,977
440,978
441,978
442,978
443,978
444,977
445,978
446,978
447,978
448,960
449,896
450,834
451,765
452,688
453,624
454,558
455,495
456,450
457,406
458,376
459,361
460,347
461,344
462,354
463,357
464,373
465,390
466,400
467,419
468,431
469,435
470,446
471,445
472,439
473,438
474,425
475,414
476,407
477,390
478,380
479,371
480,356
481,351
482,343
483,333
484,337
485,335
486,333
487,340
488,339
489,345
490,354
491,355
492,363
493,373
494,371
495,380
496,385
497,385
498,401
499,414
500,435
501,477
502,521
503,581
504,657
505,727
506,800
507,869
508,916
509,960
510,978
511,978
512,978
513,968
514,935
515,903
516,856
517,804
518,757
519,701
520,648
521,601
522,547
523,503
524,468
525,429
526,408
527,390
528,373
529,375
530,376
531,378
532,394
533,402
534,414
535,432
536,438
537,447
538,456
539,455
540,458
541,456
542,445
543,441
544,430
545,417
546,412
547,399
548,388
549,385
550,373
551,367
552,368
553,359
554,358
555,359
556,351
557,354
558,354
559,349
560,354
561,352
562,348
563,352
564,346
565,345
566,350
567,346
568,350
569,362
570,374
571,402
572,442
573,487
574,555
575,624
576,695
577,771
578,830
579,882
580,924
581,940
582,950
583,947
584,923
585,897
586,864
587,815
588,774
589,725
590,672
591,629
592,578
593,530
594,491
595,447
596,413
597,392
598,367
599,357
600,353
601,349
602,356
603,365
604,368
605,386
606,397
607,407
608,424
609,431
610,437
611,446
612,443
613,443
614,444
615,436
616,436
617,431
618,418
619,416
620,410
621,402
622,404
623,401
624,398
625,408
626,408
627,417
628,431
629,438
630,452
631,467
632,472
633,485
634,495
635,498
636,511
637,518
638,527
639,546
640,556
641,572
642,597
643,619
644,655
645,702
646,750
647,811
648,870
649,919
650,972
651,978
652,978
653,978
654,977
655,978
656,978
657,929
658,867
659,801
660,722
661,649
662,576
663,502
664,441
665,385
666,331
667,292
668,252
669,220
670,204
671,187
672,182
673,190
674,198
675,217
676,242
677,264
678,291
679,317
680,334
681,357
682,370
683,380
684,394
685,396
686,395
687,398
688,386
689,379
690,373
691,356
692,345
693,328
694,306
695,291
696,273
697,251
698,240
699,226
700,219
701,227
702,229
703,242
704,263
705,278
706,303
707,328
708,347
709,370
710,386
711,400
712,422
713,439
714,456
715,487
716,515
717,557
718,612
719,667
720,733
721,800
722,855
723,911
724,952
725,975
726,977
727,978
728,977
729,974
730,940
731,901
732,863
733,809
734,759
735,710
736,654
737,605
738,560
739,512
740,476
741,444
742,417
743,405
744,390
745,382
746,387
747,386
748,391
749,402
750,402
751,411
752,416
753,412
754,415
755,411
756,398
757,393
758,379
759,363
760,355
761,337
762,322
763,312
764,293
765,281
766,273
767,258
768,252
769,248
770,239
771,245
772,246
773,248
774,261
775,269
776,276
777,294
778,301
779,310
780,326
781,331
782,343
783,357
784,366
785,387
786,413
787,444
788,497
789,549
790,608
791,682
792,744
793,803
794,859
795,892
796,922
797,938
798,931
799,923
800,905
801,873
802,847
803,806
804,758
805,719
806,668
807,618
808,577
809,523
810,479
811,444
812,407
813,384
814,367
815,350
816,349
817,349
818,347
819,357
820,362
821,372
822,387
823,391
824,398
825,407
826,402
827,401
828,399
829,386
830,381
831,373
832,358
833,354
834,343
835,330
836,328
837,320
838,313
839,315
840,307
841,307
842,312
843,309
844,315
845,321
846,321
847,331
848,337
849,340
850,349
851,353
852,355
853,365
854,364
855,368
856,382
857,391
858,417
859,453
860,494
861,557
862,625
863,695
864,774
865,845
866,903
867,960
868,977
869,977
870,978
871,977
872,978
873,978
874,964
875,931
876,887
877,834
878,787
879,732
880,675
881,628
882,577
883,528
884,493
885,455
886,426
887,412
888,394
889,386
890,388
891,387
892,394
893,403
894,406
895,418
896,424
897,424
898,433
899,430
900,427
901,431
902,424
903,418
904,419
905,410
906,405
907,403
908,393
909,389
910,384
911,375
912,376
913,372
914,368
915,374
916,372
917,369
918,378
919,378
920,380
921,388
922,392
923,398
924,405
925,407
926,416
927,419
928,421
929,434
930,448
931,466
932,502
933,545
934,600
935,671
936,741
937,812
938,884
939,942
940,978
941,977
942,978
943,978
944,978
945,978
946,978
947,978
948,966
949,922
950,868
951,807
952,746
953,682
954,618
955,561
956,507
957,459
958,421
959,389
960,370
961,354
962,344
963,342
964,342
965,347
966,356
967,363
968,368
969,374
970,376
971,375
972,375
973,370
974,363
975,353
976,343
977,333
978,322
979,312
980,303
981,293
982,285
983,279
984,273
985,268
986,264
987,263
988,264
989,263
990,265
991,267
992,271
993,277
994,282
995,289
996,296
997,305
998,311
999,320
1000,329
1001,339
1002,349
1003,358
1004,370
1005,389
1006,414
1007,446
1008,486
1009,535
1010,588
1011,648
1012,707
1013,764
1014,812
1015,847
1016,868
1017,877
1018,872
1019,851
1020,822
1021,786
1022,741
1023,696
1024,650
1025,604
1026,561
1027,519
1028,481
1029,449
1030,422
1031,401
1032,386
1033,378
1034,372
1035,373
1036,377
1037,385
1038,395
1039,403
1040,409
1041,414
1042,417
1043,417
1044,413
1045,406
1046,396
1047,384
1048,371
1049,356
1050,341
1051,326
1052,310
1053,295
1054,284
1055,273
1056,263
1057,255
1058,250
1059,244
1060,242
1061,242
1062,243
1063,247
1064,251
1065,259
1066,267
1067,278
1068,288
1069,300
1070,314
1071,328
1072,342
1073,355
1074,369
1075,383
1076,397
1077,412
1078,428
1079,450
1080,476
1081,511
1082,554
1083,605
1084,660
1085,718
1086,775
1087,825
1088,866
1089,897
1090,916
1091,922
1092,919
1093,905
1094,881
1095,851
1096,816
1097,776
1098,732
1099,689
1100,647
1101,601
1102,561
1103,522
1104,487
1105,459
1106,438
1107,421
1108,412
1109,410
1110,412
1111,419
1112,431
1113,444
1114,458
1115,473
1116,487
1117,499
1118,507
1119,513
1120,515
1121,514
1122,510
1123,505
1124,498
1125,488
1126,479
1127,468
1128,457
1129,446
1130,435
1131,424
1132,416
1133,406
1134,400
1135,393
1136,386
1137,383
1138,378
1139,376
1140,375
1141,372
1142,370
1143,368
1144,367
1145,365
1146,365
1147,364
1148,364
1149,364
1150,366
1151,368
1152,372
1153,382
1154,397
1155,420
1156,453
1157,494
1158,543
1159,596
1160,652
1161,706
1162,755
1163,797
1164,826
1165,845
1166,849
1167,844
1168,826
1169,800
1170,765
1171,724
1172,681
1173,632
1174,587
1175,543
1176,502
1177,465
1178,434
1179,411
1180,394
1181,381
1182,374
1183,375
1184,377
1185,384
1186,395
1187,404
1188,413
1189,422
1190,430
1191,436
1192,442
1193,445
1194,448
1195,448
1196,445
1197,439
1198,432
1199,425
1200,416
1201,406
1202,396
1203,385
1204,376
1205,366
1206,357
1207,351
1208,344
1209,340
1210,337
1211,335
1212,337
1213,338
1214,343
1215,349
1216,356
1217,365
1218,374
1219,385
1220,395
1221,404
1222,412
1223,419
1224,424
1225,431
1226,436
1227,447
1228,464
1229,486
1230,519
1231,561
1232,614
1233,672
1234,733
1235,794
1236,847
1237,893
1238,928
1239,952
1240,962
1241,961
1242,950
1243,929
1244,900
1245,863
1246,821
1247,773
1248,725
1249,675
1250,627
1251,581
1252,540
1253,503
1254,472
1255,448
1256,431
1257,421
1258,418
1259,418
1260,422
1261,429
1262,436
1263,446
1264,453
1265,460
1266,464
1267,466
1268,464
1269,460
1270,452
1271,443
1272,432
1273,419
1274,404
1275,393
1276,383
1277,373
1278,364
1279,358
1280,353
1281,351
1282,349
1283,347
1284,350
1285,352
1286,356
1287,362
1288,366
1289,374
1290,379
1291,388
1292,394
1293,400
1294,405
1295,410
1296,415
1297,418
1298,422
1299,431
1300,442
1301,462
1302,488
1303,526
1304,571
1305,623
1306,680
1307,739
1308,789
1309,834
1310,868
1311,891
1312,901
1313,900
1314,885
1315,863
1316,832
1317,797
1318,755
1319,711
1320,665
1321,620
1322,576
1323,533
1324,497
1325,466
1326,443
1327,426
1328,419
1329,421
1330,428
1331,440
1332,455
1333,470
1334,487
1335,499
1336,507
1337,515
1338,520
1339,524
1340,523
1341,522
1342,517
1343,510
1344,501
1345,492
1346,481
1347,471
1348,459
1349,446
1350,435
1351,425
1352,415
1353,406
1354,400
1355,395
1356,387
1357,386
1358,385
1359,382
1360,387
1361,387
1362,388
1363,390
1364,393
1365,396
1366,400
1367,408
1368,418
1369,437
1370,460
1371,496
1372,539
1373,596
1374,659
1375,723
1376,787
1377,845
1378,892
1379,933
1380,958
1381,970
1382,971
1383,962
1384,940
1385,911
1386,874
1387,834
1388,788
1389,741
1390,689
1391,640
1392,591
1393,547
1394,507
1395,473
1396,447
1397,429
1398,418
1399,414
1400,414
1401,421
1402,432
1403,444
1404,458
1405,471
1406,481
1407,490
1408,496
1409,499
1410,500
1411,497
1412,492
1413,485
1414,474
1415,463
1416,450
1417,437
1418,424
1419,410
1420,399
1421,388
1422,378
1423,371
1424,366
1425,364
1426,364
1427,367
1428,373
1429,379
1430,386
1431,392
1432,399
1433,403
1434,407
1435,409
1436,412
1437,420
1438,437
1439,464
1440,502
1441,556
1442,621
1443,695
1444,772
1445,848
1446,916
1447,972
1448,977
1449,977
1450,978
1451,978
1452,977
1453,978
1454,977
1455,978
1456,977
1457,965
1458,912
1459,851
1460,789
1461,724
1462,661
1463,603
1464,550
1465,501
1466,462
1467,433
1468,410
1469,398
1470,391
1471,388
1472,389
1473,396
1474,404
1475,411
1476,417
1477,424
1478,428
1479,432
1480,431
1481,431
1482,430
1483,425
1484,420
1485,414
1486,408
1487,401
1488,393
1489,388
1490,384
1491,380
1492,378
1493,375
1494,374
1495,375
1496,376
1497,378
1498,380
1499,392
1500,397
1501,397
1502,394
1503,394
1504,397
1505,405
1506,421
1507,446
1508,478
1509,522
1510,570
1511,621
1512,675
1513,724
1514,767
1515,803
1516,827
1517,841
1518,845
1519,840
1520,828
1521,808
1522,782
1523,754
1524,723
1525,690
1526,656
1527,621
1528,587
1529,554
1530,520
1531,490
1532,465
1533,447
1534,431
1535,423
1536,418
1537,417
1538,419
1539,423
1540,428
1541,434
1542,440
1543,444
1544,447
1545,449
1546,449
1547,448
1548,443
1549,438
1550,429
1551,421
1552,410
1553,401
1554,393
1555,383
1556,376
1557,369
1558,366
1559,363
1560,361
1561,361
1562,360
1563,362
1564,365
1565,366
1566,371
1567,374
1568,379
1569,384
1570,386
1571,391
1572,398
1573,406
1574,421
1575,440
1576,467
1577,504
1578,547
1579,599
1580,655
1581,711
1582,764
1583,810
1584,847
1585,873
1586,889
1587,893
1588,890
1589,873
1590,852
1591,823
1592,788
1593,752
1594,712
1595,673
1596,631
1597,591
1598,553
1599,515
1600,482
1601,451
1602,425
1603,404
1604,389
1605,380
1606,373
1607,369
1608,369
1609,372
1610,374
1611,378
1612,381
1613,382
1614,383
1615,382
1616,379
1617,374
1618,368
1619,362
1620,356
1621,350
1622,342
1623,335
1624,328
1625,326
1626,323
1627,319
1628,317
1629,315
1630,316
1631,316
1632,318
1633,322
1634,324
1635,329
1636,333
1637,338
1638,344
1639,349
1640,354
1641,359
1642,365
1643,370
1644,375
1645,384
1646,396
1647,415
1648,442
1649,478
1650,519
1651,567
1652,619
1653,671
1654,718
1655,760
1656,795
1657,820
1658,835
1659,839
1660,836
1661,827
1662,810
1663,790
1664,764
1665,735
1666,704
1667,673
1668,640
1669,606
1670,572
1671,540
1672,510
1673,482
1674,460
1675,444
1676,434
1677,425
1678,423
1679,423
1680,427
1681,432
1682,439
1683,443
1684,449
1685,451
1686,450
1687,449
1688,446
1689,443
1690,436
1691,429
1692,421
1693,413
1694,404
1695,396
1696,390
1697,384
1698,382
1699,380
1700,379
1701,377
1702,375
1703,375
1704,374
1705,373
1706,374
1707,373
1708,371
1709,368
1710,367
1711,367
1712,367
1713,369
1714,371
1715,375
1716,380
1717,391
1718,409
1719,432
1720,462
1721,499
1722,542
1723,589
1724,639
1725,686
1726,730
1727,766
1728,793
1729,813
1730,822
1731,823
1732,817
1733,805
1734,785
1735,761
1736,734
1737,705
1738,673
1739,643
1740,612
1741,578
1742,548
1743,519
1744,493
1745,472
1746,453
1747,440
1748,429
1749,424
1750,420
1751,418
1752,419
1753,420
1754,422
1755,422
1756,423
1757,423
1758,423
1759,420
1760,418
1761,415
1762,409
1763,403
1764,398
1765,393
1766,389
1767,385
1768,384
1769,382
1770,382
1771,383
1772,385
1773,389
1774,395
1775,402
1776,408
1777,414
1778,422
1779,428
1780,433
1781,438
1782,440
1783,443
1784,447
1785,455
1786,460
1787,463
1788,467
1789,471
1790,477
1791,484
1792,497
1793,518
1794,552
1795,594
1796,643
1797,701
1798,762
1799,820
1800,873
1801,914
1802,947
1803,967
1804,973
1805,970
1806,959
1807,938
1808,906
1809,872
1810,834
1811,798
1812,757
1813,716
1814,674
1815,630
1816,585
1817,544
1818,505
1819,468
1820,437
1821,410
1822,391
1823,374
1824,363
1825,356
1826,353
1827,354
1828,356
1829,359
1830,365
1831,372
1832,375
1833,373
1834,382
1835,387
1836,389
1837,388
1838,386
1839,382
1840,374
1841,367
1842,360
1843,354
1844,350
1845,346
1846,342
1847,340
1848,338
1849,335
1850,334
1851,334
1852,335
1853,335
1854,338
1855,341
1856,345
1857,349
1858,354
1859,361
1860,367
1861,373
1862,378
1863,380
1864,385
1865,389
1866,390
1867,395
1868,398
1869,407
1870,419
1871,438
1872,466
1873,501
1874,543
1875,593
1876,648
1877,702
1878,755
1879,804
1880,843
1881,873
1882,892
1883,902
1884,901
1885,893
1886,877
1887,853
1888,826
1889,793
1890,758
1891,721
1892,682
1893,641
1894,602
1895,564
1896,529
1897,496
1898,470
1899,447
1900,432
1901,422
1902,415
1903,413
1904,417
1905,420
1906,425
1907,432
1908,438
1909,442
1910,444
1911,446
1912,445
1913,444
1914,439
1915,435
1916,429
1917,422
1918,414
1919,405
1920,398
1921,392
1922,386
1923,380
1924,376
1925,373
1926,372
1927,370
1928,371
1929,370
1930,372
1931,375
1932,379
1933,382
1934,384
1935,388
1936,390
1937,393
1938,398
1939,399
1940,401
1941,403
1942,402
1943,404
1944,407
1945,412
1946,424
1947,442
1948,470
1949,506
1950,553
1951,605
1952,662
1953,722
1954,779
1955,828
1956,869
1957,900
1958,918
1959,925
1960,920
1961,908
1962,885
1963,858
1964,825
1965,787
1966,748
1967,706
1968,665
1969,624
1970,583
1971,544
1972,507
1973,474
1974,450
1975,429
1976,414
1977,404
1978,399
1979,398
1980,399
1981,403
1982,407
1983,413
1984,420
1985,426
1986,429
1987,433
1988,433
1989,432
1990,429
1991,427
1992,423
1993,419
1994,414
1995,406
1996,399
1997,391
1998,384
1999,377
2000,370
2001,364
2002,361
2003,358
2004,358
2005,358
2006,359
2007,363
2008,366
2009,370
2010,374
2011,379
2012,382
2013,388
2014,394
2015,399
2016,403
2017,406
2018,408
2019,409
2020,410
2021,412
2022,417
2023,427
2024,444
2025,469
2026,505
2027,552
2028,616
2029,690
2030,773
2031,857
2032,937
2033,977
2034,977
2035,978
2036,978
2037,978
2038,978
2039,978
2040,977
2041,978
2042,977
2043,978
2044,978
2045,978
2046,964
2047,893
2048,815
2049,734
2050,657
2051,584
2052,521
2053,464
2054,420
2055,388
2056,366
2057,353
2058,347
2059,349
2060,355
2061,365
2062,375
2063,386
2064,395
2065,403
2066,407
2067,409
2068,410
2069,408
2070,403
2071,396
2072,388
2073,381
2074,373
2075,365
2076,357
2077,350
2078,345
2079,337
2080,334
2081,330
2082,329
2083,328
2084,327
2085,327
2086,329
2087,330
2088,334
2089,338
2090,340
2091,346
2092,351
2093,356
2094,360
2095,365
2096,367
2097,372
2098,380
2099,389
2100,401
2101,416
2102,443
2103,482
2104,535
2105,601
2106,677
2107,755
2108,831
2109,905
2110,972
2111,978
2112,978
2113,978
2114,978
2115,978
2116,978
2117,978
2118,978
2119,978
2120,977
2121,938
2122,874
2123,807
2124,738
2125,669
2126,603
2127,540
2128,483
2129,435
2130,396
2131,366
2132,343
2133,329
2134,323
2135,324
2136,329
2137,338
2138,348
2139,360
2140,372
2141,383
2142,389
2143,396
2144,400
2145,401
2146,400
2147,395
2148,389
2149,382
2150,373
2151,364
2152,355
2153,347
2154,337
2155,331
2156,325
2157,321
2158,317
2159,314
2160,312
2161,311
2162,313
2163,313
2164,314
2165,316
2166,320
2167,321
2168,324
2169,328
2170,334
2171,338
2172,341
2173,346
2174,348
2175,353
2176,358
2177,368
2178,384
2179,409
2180,444
2181,493
2182,554
2183,625
2184,702
2185,781
2186,853
2187,918
2188,967
2189,978
2190,978
2191,978
2192,978
2193,978
2194,977
2195,935
2196,887
2197,834
2198,779
2199,722
2200,665
2201,611
2202,558
2203,508
2204,464
2205,428
2206,399
2207,376
2208,363
2209,352
2210,349
2211,350
2212,354
2213,359
2214,369
2215,378
2216,388
2217,397
2218,405
2219,410
2220,414
2221,415
2222,413
2223,410
2224,404
2225,397
2226,390
2227,381
2228,371
2229,361
2230,353
2231,344
2232,337
2233,330
2234,325
2235,320
2236,317
2237,314
2238,312
2239,312
2240,311
2241,315
2242,317
2243,320
2244,322
2245,326
2246,330
2247,333
2248,338
2249,340
2250,344
2251,346
2252,351
2253,356
2254,366
2255,381
2256,403
2257,436
2258,478
2259,528
2260,585
2261,647
2262,707
2263,760
2264,805
2265,836
2266,856
2267,861
2268,853
2269,834
2270,803
2271,765
2272,720
2273,672
2274,621
2275,568
2276,518
2277,470
2278,428
2279,391
2280,360
2281,337
2282,320
2283,311
2284,308
2285,313
2286,325
2287,341
2288,363
2289,388
2290,413
2291,437
2292,462
2293,483
2294,502
2295,517
2296,525
2297,528
2298,525
2299,516
2300,504
2301,492
2302,483
2303,476
2304,472
2305,471
2306,473
2307,474
2308,479
2309,483
2310,486
2311,491
2312,493
2313,491
2314,489
2315,486
2316,482
2317,480
2318,474
2319,469
2320,463
2321,459
2322,455
2323,451
2324,448
2325,446
2326,445
2327,447
2328,447
2329,452
2330,460
2331,475
2332,496
2333,523
2334,560
2335,601
2336,648
2337,693
2338,739
2339,780
2340,816
2341,845
2342,866
2343,878
2344,880
2345,874
2346,864
2347,844
2348,820
2349,789
2350,755
2351,714
2352,673
2353,631
2354,589
2355,550
2356,517
2357,488
2358,464
2359,448
2360,440
2361,436
2362,439
2363,442
2364,450
2365,458
2366,467
2367,477
2368,487
2369,495
2370,504
2371,511
2372,517
2373,521
2374,523
2375,524
2376,524
2377,520
2378,515
2379,512
2380,506
2381,500
2382,494
2383,488
2384,482
2385,479
2386,473
2387,470
2388,468
2389,466
2390,467
2391,470
2392,473
2393,477
2394,484
2395,491
2396,498
2397,505
2398,516
2399,525
2400,541
2401,562
2402,589
2403,623
2404,664
2405,709
2406,755
2407,800
2408,842
2409,878
2410,905
2411,923
2412,932
2413,930
2414,916
2415,896
2416,868
2417,835
2418,796
2419,755
2420,712
2421,666
2422,621
2423,578
2424,538
2425,502
2426,470
2427,445
2428,428
2429,416
2430,408
2431,409
2432,412
2433,420
2434,429
2435,440
2436,450
2437,460
2438,468
2439,475
2440,479
2441,481
2442,481
2443,479
2444,474
2445,470
2446,466
2447,461
2448,456
2449,450
2450,446
2451,438
2452,434
2453,428
2454,422
2455,415
2456,415
2457,411
2458,409
2459,407
2460,405
2461,404
2462,405
2463,406
2464,408
2465,410
2466,410
2467,414
2468,418
2469,425
2470,438
2471,457
2472,486
2473,521
2474,563
2475,613
2476,668
2477,727
2478,784
2479,837
2480,886
2481,928
2482,960
2483,978
2484,978
2485,978
2486,978
2487,978
2488,960
2489,931
2490,896
2491,855
2492,812
2493,763
2494,716
2495,670
2496,627
2497,591
2498,559
2499,531
2500,511
2501,496
2502,484
2503,479
2504,480
2505,482
2506,487
2507,492
2508,498
2509,504
2510,506
2511,507
2512,504
2513,500
2514,495
2515,487
2516,477
2517,466
2518,453
2519,440
2520,427
2521,413
2522,401
2523,391
2524,383
2525,374
2526,369
2527,362
2528,360
2529,358
2530,356
2531,357
2532,359
2533,361
2534,365
2535,370
2536,374
2537,380
2538,391
2539,408
2540,434
2541,476
2542,527
2543,592
2544,665
2545,742
2546,817
2547,883
2548,938
2549,975
2550,978
2551,978
2552,978
2553,978
2554,961
2555,924
2556,879
2557,830
2558,777
2559,723
2560,669
2561,615
2562,564
2563,516
2564,473
2565,437
2566,407
2567,386
2568,372
2569,364
2570,362
2571,365
2572,372
2573,384
2574,397
2575,411
2576,423
2577,436
2578,450
2579,461
2580,473
2581,482
2582,489
2583,494
2584,497
2585,500
2586,499
2587,494
2588,488
2589,480
2590,470
2591,460
2592,448
2593,437
2594,424
2595,413
2596,401
2597,390
2598,380
2599,370
2600,361
2601,356
2602,354
2603,355
2604,362
2605,378
2606,405
2607,444
2608,496
2609,561
2610,634
2611,713
2612,791
2613,859
2614,920
2615,967
2616,978
2617,978
2618,978
2619,978
2620,978
2621,978
2622,978
2623,978
2624,978
2625,979
2626,955
2627,912
2628,864
2629,811
2630,756
2631,701
2632,649
2633,599
2634,553
2635,512
2636,475
2637,443
2638,416
2639,394
2640,375
2641,361
2642,350
2643,344
2644,338
2645,336
2646,336
2647,334
2648,336
2649,335
2650,331
2651,327
2652,322
2653,316
2654,308
2655,300
2656,295
2657,290
2658,289
2659,290
2660,293
2661,297
2662,302
2663,306
2664,312
2665,317
2666,321
2667,322
2668,324
2669,328
2670,335
2671,345
2672,362
2673,387
2674,424
2675,474
2676,533
2677,603
2678,677
2679,752
2680,823
2681,882
2682,932
2683,966
2684,979
2685,978
2686,978
2687,967
2688,938
2689,903
2690,860
2691,813
2692,764
2693,712
2694,658
2695,605
2696,553
2697,506
2698,461
2699,425
2700,394
2701,366
2702,347
2703,330
2704,320
2705,317
2706,312
2707,315
2708,322
2709,332
2710,345
2711,358
2712,369
2713,378
2714,384
2715,388
2716,389
2717,386
2718,383
2719,376
2720,367
2721,358
2722,350
2723,341
2724,335
2725,328
2726,320
2727,316
2728,310
2729,307
2730,304
2731,303
2732,302
2733,302
2734,302
2735,303
2736,309
2737,322
2738,341
2739,373
2740,416
2741,471
2742,533
2743,603
2744,674
2745,740
2746,801
2747,850
2748,887
2749,910
2750,919
2751,915
2752,900
2753,874
2754,842
2755,801
2756,758
2757,710
2758,662
2759,612
2760,560
2761,512
2762,465
2763,423
2764,385
2765,353
2766,325
2767,306
2768,292
2769,285
2770,284
2771,285
2772,292
2773,303
2774,315
2775,327
2776,338
2777,348
2778,358
2779,366
2780,369
2781,371
2782,370
2783,368
2784,364
2785,355
2786,344
2787,334
2788,321
2789,307
2790,291
2791,277
2792,264
2793,252
2794,242
2795,232
2796,228
2797,228
2798,226
2799,227
2800,228
2801,231
2802,238
2803,248
2804,262
2805,284
2806,312
2807,354
2808,404
2809,465
2810,532
2811,599
2812,665
2813,726
2814,776
2815,815
2816,840
2817,853
2818,855
2819,847
2820,830
2821,807
2822,778
2823,744
2824,707
2825,668
2826,629
2827,586
2828,547
2829,508
2830,475
2831,444
2832,421
2833,403
2834,389
2835,382
2836,377
2837,377
2838,378
2839,384
2840,390
2841,397
2842,405
2843,414
2844,424
2845,432
2846,440
2847,446
2848,451
2849,454
2850,453
2851,449
2852,444
2853,436
2854,425
2855,415
2856,405
2857,393
2858,382
2859,373
2860,364
2861,355
2862,349
2863,345
2864,340
2865,339
2866,339
2867,341
2868,342
2869,350
2870,365
2871,387
2872,422
2873,463
2874,515
2875,571
2876,633
2877,692
2878,744
2879,788
2880,820
2881,839
2882,847
2883,844
2884,829
2885,807
2886,776
2887,742
2888,703
2889,660
2890,615
2891,571
2892,527
2893,485
2894,446
2895,411
2896,384
2897,360
2898,342
2899,327
2900,318
2901,312
2902,313
2903,315
2904,319
2905,327
2906,336
2907,344
2908,352
2909,358
2910,362
2911,363
2912,362
2913,360
2914,354
2915,346
2916,339
2917,330
2918,320
2919,311
2920,303
2921,294
2922,288
2923,280
2924,272
2925,263
2926,253
2927,242
2928,231
2929,217
2930,205
2931,193
2932,182
2933,173
2934,165
2935,160
2936,161
2937,170
2938,192
2939,224
2940,266
2941,316
2942,368
2943,417
2944,460
2945,492
2946,513
2947,521
2948,521
2949,512
2950,500
2951,486
2952,470
2953,456
2954,442
2955,430
2956,416
2957,402
2958,386
2959,368
2960,349
2961,329
2962,308
2963,288
2964,270
2965,256
2966,247
2967,244
2968,244
2969,249
2970,259
2971,274
2972,292
2973,313
2974,336
2975,361
2976,384
2977,405
2978,421
2979,431
2980,437
2981,438
2982,433
2983,423
2984,408
2985,393
2986,377
2987,365
2988,354
2989,347
2990,339
2991,334
2992,330
2993,323
2994,315
2995,304
2996,285
2997,260
2998,230
2999,195
3000,160
3001,124
3002,93
3003,65
3004,41
3005,23
3006,13
3007,8
3008,10
3009,15
3010,26
3011,41
3012,63
3013,92
3014,130
3015,177
3016,235
3017,304
3018,383
3019,464
3020,541
3021,624
3022,714
3023,795
3024,852
3025,869
3026,838
3027,765
3028,658
3029,531
3030,399
3031,275
3032,168
3033,81
3034,20
3035,0
3036,0
3037,0
3038,0
3039,9
3040,46
3041,90
3042,141
3043,195
3044,251
3045,303
3046,353
3047,397
3048,436
3049,467
3050,494
3051,516
3052,534
3053,547
3054,558
3055,567
3056,572
3057,574
3058,575
3059,574
3060,568
3061,561
3062,548
3063,530
3064,505
3065,473
3066,437
3067,399
3068,358
3069,320
3070,282
3071,250
3072,230
3073,223
3074,228
3075,248
3076,290
3077,353
3078,440
3079,545
3080,671
3081,811
3082,955
3083,977
3084,978
3085,977
3086,977
3087,977
3088,977
3089,978
3090,978
3091,977
3092,977
3093,978
3094,978
3095,977
3096,978
3097,978
3098,978
3099,978
3100,979
3101,979
3102,978
3103,979
3104,978
3105,978
3106,978
3107,979
3108,979
3109,978
3110,979
3111,979
3112,978
3113,979
3114,979
3115,978
3116,978
3117,978
3118,979
3119,979
3120,978
3121,978
3122,978
3123,978
3124,978
3125,977
3126,978
3127,978
3128,978
3129,978
3130,978
3131,978
3132,978
3133,978
3134,979
3135,979
3136,979
3137,979
3138,979
3139,978
3140,979
3141,979
3142,979
3143,979
3144,979
3145,979
3146,978
3147,979
3148,979
3149,979
3150,978
3151,978
3152,979
3153,979
3154,978
3155,979
3156,979
3157,979
3158,978
3159,978
3160,979
3161,754
3162,433
3163,110
3164,0
3165,0
3166,0
3167,0
3168,0
3169,0
3170,0
3171,0
3172,0
3173,0
3174,0
3175,0
3176,0
3177,0
3178,0
3179,0
3180,0
3181,0
3182,0
3183,0
3184,0
3185,0
3186,0
3187,0
3188,0
3189,0
3190,0
3191,0
3192,0
3193,0
3194,0
3195,0
3196,0
3197,0
3198,0
3199,0
3200,0
3201,0
3202,0
3203,0
3204,0
3205,0
3206,0
3207,0
3208,0
3209,0
3210,0
3211,0
3212,0
3213,0
3214,0
3215,0
3216,0
3217,0
3218,0
3219,0
3220,0
3221,0
3222,0
3223,0
3224,0
3225,0
3226,0
3227,0
3228,0
3229,0
3230,0
3231,0
3232,0
3233,0
3234,0
3235,0
3236,0
3237,74
3238,166
3239,252
3240,329
3241,394
3242,447
3243,491
3244,527
3245,554
3246,575
3247,592
3248,600
3249,601
3250,596
3251,578
3252,555
3253,523
3254,488
3255,448
3256,403
3257,357
3258,309
3259,262
3260,218
3261,181
3262,151
3263,131
3264,124
3265,129
3266,147
3267,176
3268,212
3269,254
3270,299
3271,341
3272,378
3273,410
3274,431
3275,440
3276,438
3277,426
3278,410
3279,396
3280,381
3281,366
3282,357
3283,349
3284,344
3285,343
3286,341
3287,343
3288,345
3289,350
3290,352
3291,356
3292,361
3293,366
3294,371
3295,375
3296,379
3297,386
3298,390
3299,399
3300,406
3301,414
3302,424
3303,436
3304,451
3305,467
3306,482
3307,498
3308,514
3309,530
3310,546
3311,561
3312,574
3313,589
3314,599
3315,605
3316,609
3317,611
3318,610
3319,603
3320,598
3321,589
3322,577
3323,564
3324,551
3325,538
3326,524
3327,509
3328,495
3329,483
3330,473
3331,462
3332,454
3333,446
3334,438
3335,432
3336,428
3337,424
3338,422
3339,421
3340,420
3341,420
3342,420
3343,422
3344,423
3345,424
3346,427
3347,432
3348,441
3349,454
3350,472
3351,497
3352,526
3353,563
3354,603
3355,649
3356,692
3357,732
3358,768
3359,796
3360,818
3361,833
3362,840
3363,841
3364,834
3365,822
3366,802
3367,780
3368,752
3369,722
3370,692
3371,659
3372,628
3373,596
3374,568
3375,542
3376,521
3377,502
3378,488
3379,479
3380,472
3381,468
3382,467
3383,466
3384,466
3385,469
3386,470
3387,468
3388,470
3389,468
3390,464
3391,461
3392,456
3393,452
3394,447
3395,441
3396,437
3397,433
3398,429
3399,425
3400,422
3401,419
3402,416
3403,413
3404,411
3405,407
3406,406
3407,404
3408,404
3409,403
3410,403
3411,403
3412,403
3413,404
3414,405
3415,405
3416,407
3417,412
3418,420
3419,430
3420,446
3421,468
3422,497
3423,533
3424,575
3425,621
3426,667
3427,710
3428,749
3429,784
3430,809
3431,826
3432,836
3433,837
3434,829
3435,815
3436,795
3437,771
3438,744
3439,713
3440,680
3441,648
3442,614
3443,582
3444,552
3445,525
3446,503
3447,482
3448,466
3449,454
3450,446
3451,442
3452,440
3453,439
3454,442
3455,444
3456,448
3457,450
3458,452
3459,454
3460,454
3461,453
3462,452
3463,449
3464,446
3465,441
3466,435
3467,431
3468,426
3469,423
3470,419
3471,416
3472,415
3473,409
3474,409
3475,405
3476,407
3477,406
3478,408
3479,406
3480,405
3481,405
3482,403
3483,403
3484,404
3485,403
3486,403
3487,404
3488,406
3489,410
3490,418
3491,432
3492,453
3493,481
3494,518
3495,560
3496,607
3497,652
3498,697
3499,736
3500,769
3501,792
3502,808
3503,816
3504,814
3505,806
3506,793
3507,773
3508,749
3509,722
3510,692
3511,660
3512,627
3513,594
3514,562
3515,532
3516,505
3517,483
3518,464
3519,449
3520,438
3521,432
3522,429
3523,428
3524,427
3525,429
3526,432
3527,434
3528,437
3529,439
3530,440
3531,442
3532,441
3533,439
3534,438
3535,435
3536,432
3537,428
3538,425
3539,421
3540,417
3541,413
3542,413
3543,407
3544,404
3545,401
3546,399
3547,398
3548,396
3549,396
3550,396
3551,398
3552,400
3553,401
3554,402
3555,404
3556,405
3557,407
3558,409
3559,412
3560,416
3561,422
3562,434
3563,451
3564,475
3565,505
3566,541
3567,582
3568,626
3569,670
3570,710
3571,746
3572,775
3573,797
3574,812
3575,818
3576,818
3577,811
3578,798
3579,781
3580,757
3581,731
3582,702
3583,671
3584,639
3585,609
3586,578
3587,550
3588,523
3589,500
3590,480
3591,466
3592,454
3593,446
3594,442
3595,439
3596,443
3597,446
3598,448
3599,450
3600,451
3601,450
3602,449
3603,445
3604,438
3605,430
3606,423
3607,417
3608,409
3609,405
3610,399
3611,394
3612,389
3613,386
3614,384
3615,382
3616,380
3617,381
3618,382
3619,384
3620,387
3621,389
3622,393
3623,397
3624,402
3625,406
3626,408
3627,408
3628,410
3629,411
3630,409
3631,410
3632,412
3633,414
3634,421
3635,435
3636,455
3637,483
3638,516
3639,553
3640,591
3641,627
3642,659
3643,687
3644,708
3645,722
3646,728
3647,727
3648,718
3649,705
3650,685
3651,661
3652,634
3653,605
3654,576
3655,546
3656,518
3657,492
3658,470
3659,452
3660,439
3661,427
3662,420
3663,415
3664,415
3665,415
3666,417
3667,421
3668,427
3669,431
3670,437
3671,440
3672,444
3673,447
3674,449
3675,449
3676,447
3677,445
3678,442
3679,437
3680,433
3681,428
3682,423
3683,418
3684,414
3685,411
3686,408
3687,406
3688,404
3689,403
3690,404
3691,406
3692,406
3693,406
3694,407
3695,407
3696,411
3697,415
3698,417
3699,419
3700,421
3701,422
3702,423
3703,428
3704,433
3705,438
3706,452
3707,473
3708,499
3709,530
3710,567
3711,605
3712,642
3713,676
3714,702
3715,724
3716,737
3717,743
3718,743
3719,736
3720,723
3721,708
3722,688
3723,664
3724,642
3725,617
3726,593
3727,571
3728,547
3729,527
3730,512
3731,496
3732,485
3733,478
3734,475
3735,473
3736,473
3737,474
3738,478
3739,482
3740,485
3741,488
3742,492
3743,493
3744,493
3745,492
3746,489
3747,485
3748,478
3749,469
3750,462
3751,453
3752,445
3753,438
3754,431
3755,425
3756,419
3757,414
3758,412
3759,410
3760,409
3761,410
3762,411
3763,412
3764,415
3765,417
3766,420
3767,425
3768,431
3769,436
3770,443
3771,450
3772,463
3773,481
3774,504
3775,536
3776,577
3777,619
3778,663
3779,706
3780,746
3781,780
3782,808
3783,824
3784,828
3785,824
3786,812
3787,789
3788,761
3789,729
3790,695
3791,661
3792,626
3793,593
3794,561
3795,535
3796,516
3797,495
3798,480
3799,469
3800,463
3801,460
3802,460
3803,463
3804,467
3805,468
3806,471
3807,474
3808,478
3809,480
3810,482
3811,480
3812,480
3813,477
3814,473
3815,469
3816,462
3817,455
3818,449
3819,442
3820,435
3821,431
3822,426
3823,421
3824,419
3825,415
3826,413
3827,411
3828,409
3829,407
3830,407
3831,405
3832,403
3833,401
3834,398
3835,396
3836,394
3837,392
3838,392
3839,392
3840,393
3841,398
3842,406
3843,422
3844,444
3845,477
3846,516
3847,559
3848,607
3849,655
3850,699
3851,736
3852,762
3853,779
3854,787
3855,783
3856,770
3857,750
3858,723
3859,692
3860,659
3861,623
3862,586
3863,552
3864,521
3865,493
3866,468
3867,450
3868,438
3869,430
3870,428
3871,430
3872,435
3873,443
3874,455
3875,466
3876,477
3877,487
3878,495
3879,500
3880,504
3881,503
3882,501
3883,494
3884,487
3885,479
3886,468
3887,458
3888,447
3889,436
3890,426
3891,416
3892,407
3893,400
3894,395
3895,389
3896,385
3897,382
3898,381
3899,380
3900,381
3901,385
3902,388
3903,392
3904,396
3905,401
3906,406
3907,411
3908,419
3909,430
3910,447
3911,469
3912,498
3913,534
3914,577
3915,624
3916,672
3917,717
3918,756
3919,787
3920,810
3921,824
3922,827
3923,823
3924,809
3925,790
3926,765
3927,735
3928,703
3929,669
3930,634
3931,600
3932,567
3933,538
3934,513
3935,493
3936,480
3937,472
3938,469
3939,470
3940,477
3941,484
3942,495
3943,505
3944,515
3945,523
3946,531
3947,537
3948,538
3949,536
3950,535
3951,529
3952,521
3953,513
3954,503
3955,495
3956,487
3957,478
3958,470
3959,462
3960,455
3961,447
3962,441
3963,433
3964,428
3965,423
3966,418
3967,413
3968,410
3969,409
3970,408
3971,410
3972,414
3973,424
3974,442
3975,466
3976,498
3977,538
3978,585
3979,638
3980,687
3981,734
3982,773
3983,804
3984,826
3985,836
3986,836
3987,826
3988,810
3989,787
3990,759
3991,728
3992,693
3993,658
3994,622
3995,588
3996,554
3997,525
3998,500
3999,482
4000,467
4001,457
4002,453
4003,452
4004,454
4005,461
4006,469
4007,478
4008,488
4009,496
4010,502
4011,508
4012,512
4013,514
4014,514
4015,511
4016,507
4017,505
4018,499
4019,494
4020,489
4021,483
4022,478
4023,471
4024,465
4025,459
4026,451
4027,443
4028,437
4029,428
4030,418
4031,410
4032,403
4033,395
4034,389
4035,385
4036,381
4037,382
4038,389
4039,407
4040,433
4041,475
4042,526
4043,588
4044,656
4045,722
4046,782
4047,832
4048,866
4049,886
4050,890
4051,882
4052,860
4053,830
4054,788
4055,742
4056,691
4057,635
4058,578
4059,524
4060,471
4061,423
4062,382
4063,348
4064,318
4065,295
4066,278
4067,265
4068,255
4069,252
4070,250
4071,253
4072,254
4073,260
4074,266
4075,272
4076,280
4077,289
4078,297
4079,306
4080,313
4081,321
4082,329
4083,337
4084,347
4085,355
4086,367
4087,378
4088,390
4089,404
4090,418
4091,434
4092,448
4093,465
4094,482
4095,505
4096,531
4097,555
4098,576
4099,596
4100,612
4101,624
4102,628
4103,626
4104,614
4105,594
4106,575
4107,556
4108,539
4109,527
4110,520
4111,518
4112,520
4113,530
4114,544
4115,559
4116,576
4117,593
4118,609
4119,624
4120,638
4121,650
4122,660
4123,668
4124,675
4125,681
4126,687
4127,692
4128,699
4129,707
4130,718
4131,733
4132,750
4133,764
4134,776
4135,784
4136,781
4137,775
4138,757
4139,732
4140,701
4141,665
4142,623
4143,577
4144,526
4145,476
4146,429
4147,386
4148,350
4149,315
4150,282
4151,250
4152,220
4153,187
4154,155
4155,124
4156,92
4157,63
4158,35
4159,10
4160,0
4161,0
4162,0
4163,0
4164,0
4165,0
4166,0
4167,0
4168,0
4169,0
4170,0
4171,0
4172,15
4173,42
4174,71
4175,101
4176,134
4177,164
4178,193
4179,220
4180,243
4181,262
4182,281
4183,295
4184,305
4185,312
4186,316
4187,315
4188,311
4189,306
4190,303
4191,299
4192,296
4193,298
4194,302
4195,317
4196,331
4197,347
4198,366
4199,386
4200,405
4201,425
4202,444
4203,461
4204,473
4205,487
4206,501
4207,518
4208,533
4209,549
4210,565
4211,580
4212,591
4213,601
4214,613
4215,623
4216,636
4217,650
4218,668
4219,690
4220,713
4221,738
4222,764
4223,792
4224,822
4225,855
4226,892
4227,941
4228,977
4229,977
4230,977
4231,977
4232,977
4233,977
4234,977
4235,978
4236,977
4237,977
4238,977
4239,977
4240,977
4241,977
4242,976
4243,977
4244,977
4245,976
4246,977
4247,865
4248,671
4249,489
4250,328
4251,193
4252,85
4253,4
4254,0
4255,0
4256,0
4257,0
4258,0
4259,0
4260,0
4261,0
4262,0
4263,0
4264,24
4265,79
4266,137
4267,195
4268,250
4269,302
4270,345
4271,381
4272,410
4273,434
4274,453
4275,468
4276,482
4277,497
4278,508
4279,521
4280,531
4281,545
4282,554
4283,562
4284,568
4285,570
4286,567
4287,561
4288,550
4289,538
4290,524
4291,510
4292,498
4293,491
4294,494
4295,514
4296,547
4297,598
4298,665
4299,747
4300,845
4301,952
4302,977
4303,977
4304,976
4305,977
4306,978
4307,977
4308,977
4309,977
4310,978
4311,977
4312,977
4313,977
4314,977
4315,977
4316,978
4317,977
4318,978
4319,977
4320,978
4321,977
4322,978
4323,977
4324,978
4325,978
4326,977
4327,977
4328,977
4329,978
4330,977
4331,978
4332,977
4333,977
4334,977
4335,978
4336,977
4337,978
4338,978
4339,978
4340,978
4341,977
4342,978
4343,977
4344,977
4345,966
4346,885
4347,805
4348,732
4349,670
4350,618
4351,584
4352,568
4353,572
4354,598
4355,645
4356,710
4357,788
4358,870
4359,954
4360,978
4361,978
4362,977
4363,977
4364,978
4365,978
4366,978
4367,977
4368,977
4369,978
4370,978
4371,977
4372,978
4373,978
4374,978
4375,978
4376,978
4377,978
4378,978
4379,978
4380,960
4381,899
4382,837
4383,780
4384,731
4385,689
4386,655
4387,626
4388,602
4389,586
4390,575
4391,565
4392,555
4393,546
4394,542
4395,543
4396,534
4397,523
4398,514
4399,505
4400,497
4401,489
4402,482
4403,474
4404,469
4405,463
4406,457
4407,452
4408,447
4409,443
4410,441
4411,439
4412,440
4413,444
4414,454
4415,473
4416,503
4417,544
4418,600
4419,665
4420,739
4421,814
4422,886
4423,947
4424,978
4425,978
4426,979
4427,978
4428,978
4429,979
4430,979
4431,977
4432,968
4433,913
4434,851
4435,783
4436,715
4437,649
4438,585
4439,528
4440,476
4441,434
4442,403
4443,381
4444,367
4445,361
4446,362
4447,367
4448,377
4449,388
4450,400
4451,411
4452,423
4453,432
4454,438
4455,441
4456,444
4457,443
4458,441
4459,436
4460,430
4461,421
4462,412
4463,403
4464,394
4465,384
4466,377
4467,370
4468,363
4469,359
4470,353
4471,350
4472,349
4473,347
4474,348
4475,350
4476,350
4477,354
4478,359
4479,368
4480,382
4481,401
4482,430
4483,472
4484,523
4485,585
4486,657
4487,731
4488,803
4489,866
4490,917
4491,954
4492,976
4493,978
4494,978
4495,958
4496,930
4497,893
4498,847
4499,799
4500,747
4501,694
4502,639
4503,587
4504,537
4505,493
4506,455
4507,422
4508,399
4509,383
4510,375
4511,370
4512,371
4513,377
4514,385
4515,396
4516,407
4517,419
4518,430
4519,440
4520,447
4521,450
4522,452
4523,451
4524,449
4525,444
4526,437
4527,431
4528,424
4529,417
4530,410
4531,402
4532,396
4533,392
4534,388
4535,385
4536,383
4537,381
4538,381
4539,380
4540,380
4541,382
4542,384
4543,388
4544,399
4545,415
4546,442
4547,481
4548,532
4549,593
4550,664
4551,737
4552,807
4553,872
4554,923
4555,962
4556,979
4557,979
4558,978
4559,970
4560,943
4561,904
4562,860
4563,811
4564,757
4565,702
4566,647
4567,591
4568,539
4569,492
4570,450
4571,414
4572,386
4573,364
4574,350
4575,341
4576,338
4577,338
4578,342
4579,348
4580,356
4581,365
4582,372
4583,379
4584,384
4585,387
4586,387
4587,386
4588,383
4589,380
4590,375
4591,369
4592,362
4593,354
4594,353
4595,352
4596,348
4597,343
4598,339
4599,337
4600,333
4601,330
4602,328
4603,328
4604,321
4605,319
4606,317
4607,319
4608,320
4609,324
4610,329
4611,339
4612,353
4613,374
4614,401
4615,442
4616,493
4617,555
4618,627
4619,701
4620,772
4621,835
4622,887
4623,923
4624,944
4625,951
4626,943
4627,923
4628,892
4629,853
4630,808
4631,757
4632,705
4633,650
4634,596
4635,546
4636,498
4637,454
4638,418
4639,389
4640,368
4641,354
4642,347
4643,346
4644,350
4645,357
4646,369
4647,382
4648,396
4649,409
4650,420
4651,430
4652,437
4653,440
4654,440
4655,439
4656,435
4657,429
4658,421
4659,412
4660,404
4661,393
4662,384
4663,377
4664,371
4665,364
4666,358
4667,354
4668,350
4669,348
4670,347
4671,348
4672,349
4673,350
4674,352
4675,356
4676,361
4677,367
4678,378
4679,398
4680,425
4681,465
4682,515
4683,577
4684,646
4685,718
4686,786
4687,848
4688,897
4689,932
4690,954
4691,959
4692,953
4693,935
4694,909
4695,876
4696,836
4697,789
4698,739
4699,688
4700,639
4701,589
4702,542
4703,497
4704,457
4705,426
4706,401
4707,385
4708,376
4709,372
4710,374
4711,380
4712,389
4713,399
4714,411
4715,423
4716,432
4717,439
4718,445
4719,448
4720,448
4721,448
4722,440
4723,433
4724,422
4725,411
4726,400
4727,386
4728,375
4729,364
4730,353
4731,344
4732,338
4733,331
4734,327
4735,323
4736,321
4737,320
4738,320
4739,319
4740,320
4741,320
4742,324
4743,329
4744,339
4745,354
4746,381
4747,418
4748,465
4749,524
4750,591
4751,661
4752,732
4753,795
4754,846
4755,883
4756,906
4757,915
4758,908
4759,887
4760,857
4761,818
4762,774
4763,723
4764,672
4765,618
4766,565
4767,513
4768,465
4769,424
4770,388
4771,358
4772,338
4773,323
4774,314
4775,312
4776,316
4777,324
4778,334
4779,348
4780,367
4781,384
4782,399
4783,412
4784,421
4785,429
4786,430
4787,429
4788,427
4789,421
4790,417
4791,410
4792,404
4793,397
4794,393
4795,389
4796,383
4797,378
4798,374
4799,370
4800,370
4801,370
4802,371
4803,369
4804,368
4805,370
4806,374
4807,380
4808,388
4809,396
4810,407
4811,424
4812,449
4813,482
4814,526
4815,583
4816,647
4817,720
4818,793
4819,861
4820,919
4821,964
4822,978
4823,979
4824,978
4825,978
4826,977
4827,958
4828,917
4829,867
4830,811
4831,754
4832,695
4833,636
4834,579
4835,529
4836,482
4837,447
4838,419
4839,400
4840,390
4841,386
4842,389
4843,396
4844,406
4845,420
4846,433
4847,446
4848,456
4849,462
4850,467
4851,468
4852,466
4853,461
4854,456
4855,447
4856,440
4857,430
4858,420
4859,412
4860,405
4861,398
4862,390
4863,384
4864,380
4865,376
4866,373
4867,370
4868,369
4869,369
4870,371
4871,372
4872,375
4873,377
4874,380
4875,382
4876,386
4877,389
4878,402
4879,418
4880,442
4881,479
4882,524
4883,579
4884,642
4885,708
4886,772
4887,829
4888,877
4889,913
4890,934
4891,942
4892,935
4893,920
4894,899
4895,868
4896,826
4897,774
4898,715
4899,657
4900,600
4901,547
4902,498
4903,456
4904,423
4905,399
4906,381
4907,373
4908,372
4909,375
4910,384
4911,398
4912,413
4913,430
4914,447
4915,462
4916,474
4917,482
4918,488
4919,491
4920,490
4921,486
4922,480
4923,471
4924,462
4925,450
4926,439
4927,426
4928,415
4929,404
4930,393
4931,383
4932,375
4933,367
4934,363
4935,358
4936,356
4937,354
4938,353
4939,354
4940,359
4941,366
4942,378
4943,400
4944,432
4945,477
4946,531
4947,597
4948,669
4949,739
4950,805
4951,860
4952,902
4953,929
4954,938
4955,936
4956,919
4957,891
4958,853
4959,810
4960,762
4961,710
4962,656
4963,601
4964,548
4965,500
4966,457
4967,422
4968,394
4969,373
4970,361
4971,355
4972,355
4973,360
4974,372
4975,385
4976,402
4977,417
4978,432
4979,446
4980,457
4981,465
4982,472
4983,473
4984,471
4985,466
4986,461
4987,452
4988,442
4989,431
4990,421
4991,410
4992,400
4993,392
4994,387
4995,380
4996,377
4997,373
4998,372
4999,372
5000,372
5001,375
5002,376
5003,380
5004,385
5005,393
5006,403
5007,419
5008,444
5009,479
5010,528
5011,588
5012,659
5013,735
5014,810
5015,880
5016,937
5017,977
5018,978
5019,979
5020,978
5021,978
5022,979
5023,938
5024,889
5025,835
5026,776
5027,715
5028,654
5029,594
5030,541
5031,492
5032,451
5033,418
5034,394
5035,378
5036,370
5037,370
5038,375
5039,388
5040,402
5041,418
5042,436
5043,452
5044,466
5045,478
5046,487
5047,490
5048,491
5049,488
5050,483
5051,474
5052,464
5053,452
5054,439
5055,425
5056,413
5057,401
5058,390
5059,379
5060,369
5061,360
5062,355
5063,352
5064,349
5065,347
5066,347
5067,348
5068,352
5069,356
5070,362
5071,367
5072,372
5073,378
5074,385
5075,397
5076,415
5077,442
5078,481
5079,531
5080,595
5081,668
5082,746
5083,819
5084,884
5085,938
5086,975
5087,978
5088,978
5089,978
5090,979
5091,951
5092,911
5093,861
5094,808
5095,752
5096,696
5097,636
5098,579
5099,526
5100,476
5101,435
5102,400
5103,376
5104,358
5105,348
5106,343
5107,346
5108,351
5109,363
5110,374
5111,388
5112,403
5113,417
5114,428
5115,436
5116,442
5117,444
5118,443
5119,439
5120,432
5121,423
5122,412
5123,401
5124,389
5125,378
5126,368
5127,359
5128,351
5129,347
5130,343
5131,341
5132,341
5133,343
5134,347
5135,352
5136,358
5137,363
5138,369
5139,375
5140,380
5141,386
5142,392
5143,401
5144,414
5145,432
5146,462
5147,503
5148,558
5149,623
5150,698
5151,773
5152,843
5153,905
5154,954
5155,979
5156,978
5157,978
5158,978
5159,977
5160,940
5161,898
5162,847
5163,794
5164,738
5165,679
5166,624
5167,568
5168,516
5169,469
5170,430
5171,397
5172,372
5173,354
5174,343
5175,338
5176,340
5177,346
5178,356
5179,371
5180,384
5181,400
5182,414
5183,425
5184,435
5185,440
5186,443
5187,444
5188,441
5189,438
5190,432
5191,426
5192,420
5193,411
5194,402
5195,395
5196,388
5197,382
5198,375
5199,368
5200,364
5201,361
5202,358
5203,357
5204,355
5205,355
5206,357
5207,357
5208,359
5209,361
5210,363
5211,366
5212,369
5213,374
5214,385
5215,403
5216,432
5217,474
5218,527
5219,593
5220,667
5221,745
5222,817
5223,882
5224,934
5225,971
5226,978
5227,979
5228,978
5229,966
5230,936
5231,895
5232,847
5233,795
5234,741
5235,685
5236,630
5237,576
5238,525
5239,478
5240,437
5241,402
5242,377
5243,357
5244,347
5245,339
5246,341
5247,345
5248,355
5249,369
5250,383
5251,396
5252,410
5253,423
5254,433
5255,441
5256,447
5257,449
5258,448
5259,442
5260,437
5261,429
5262,420
5263,410
5264,401
5265,392
5266,381
5267,373
5268,367
5269,362
5270,360
5271,358
5272,360
5273,362
5274,366
5275,370
5276,374
5277,379
5278,383
5279,386
5280,389
5281,390
5282,391
5283,393
5284,398
5285,406
5286,421
5287,446
5288,480
5289,526
5290,584
5291,651
5292,721
5293,789
5294,849
5295,901
5296,938
5297,961
5298,970
5299,969
5300,956
5301,932
5302,901
5303,865
5304,825
5305,780
5306,734
5307,685
5308,637
5309,590
5310,546
5311,504
5312,463
5313,427
5314,397
5315,369
5316,346
5317,327
5318,313
5319,302
5320,297
5321,297
5322,302
5323,309
5324,319
5325,330
5326,342
5327,355
5328,368
5329,382
5330,396
5331,409
5332,421
5333,431
5334,441
5335,448
5336,454
5337,458
5338,460
5339,458
5340,455
5341,449
5342,439
5343,430
5344,418
5345,404
5346,388
5347,372
5348,357
5349,343
5350,331
5351,321
5352,312
5353,306
5354,305
5355,311
5356,329
5357,357
5358,401
5359,457
5360,523
5361,595
5362,671
5363,741
5364,805
5365,853
5366,889
5367,906
5368,912
5369,903
5370,880
5371,849
5372,810
5373,764
5374,716
5375,664
5376,611
5377,559
5378,509
5379,464
5380,423
5381,389
5382,364
5383,344
5384,331
5385,327
5386,328
5387,334
5388,344
5389,358
5390,373
5391,388
5392,403
5393,411
5394,433
5395,447
5396,455
5397,459
5398,458
5399,452
5400,438
5401,426
5402,416
5403,405
5404,398
5405,394
5406,390
5407,389
5408,391
5409,393
5410,397
5411,402
5412,409
5413,413
5414,417
5415,422
5416,429
5417,433
5418,441
5419,447
5420,453
5421,455
5422,457
5423,458
5424,457
5425,458
5426,463
5427,478
5428,503
5429,540
5430,587
5431,645
5432,703
5433,762
5434,812
5435,854
5436,882
5437,897
5438,898
5439,883
5440,857
5441,819
5442,774
5443,722
5444,665
5445,609
5446,554
5447,504
5448,458
5449,418
5450,381
5451,347
5452,318
5453,290
5454,268
5455,253
5456,243
5457,240
5458,244
5459,256
5460,272
5461,292
5462,316
5463,340
5464,362
5465,380
5466,394
5467,401
5468,401
5469,392
5470,374
5471,350
5472,319
5473,286
5474,253
5475,220
5476,189
5477,164
5478,142
5479,124
5480,109
5481,97
5482,89
5483,78
5484,67
5485,53
5486,37
5487,16
5488,0
5489,0
5490,0
5491,0
5492,0
5493,0
5494,0
5495,0
5496,0
5497,0
5498,0
5499,0
5500,0
5501,0
5502,0
5503,0
5504,0
5505,0
5506,0
5507,0
5508,0
5509,0
5510,0
5511,0
5512,0
5513,0
5514,0
5515,0
5516,0
5517,0
5518,0
5519,0
5520,0
5521,0
5522,0
5523,0
5524,0
5525,0
5526,0
5527,0
5528,0
5529,0
5530,0
5531,0
5532,0
5533,0
5534,0
5535,0
5536,0
5537,0
5538,0
5539,0
5540,0
5541,0
5542,0
5543,0
5544,0
5545,0
5546,0
5547,0
5548,0
5549,0
5550,0
5551,0
5552,0
5553,0
5554,0
5555,62
5556,154
5557,240
5558,318
5559,385
5560,439
5561,486
5562,518
5563,544
5564,563
5565,576
5566,582
5567,584
5568,583
5569,578
5570,570
5571,557
5572,541
5573,527
5574,525
5575,541
5576,582
5577,657
5578,759
5579,882
5580,977
5581,977
5582,977
5583,977
5584,977
5585,977
5586,978
5587,977
5588,977
5589,978
5590,978
5591,978
5592,977
5593,978
5594,977
5595,978
5596,977
5597,977
5598,978
5599,978
5600,978
5601,978
5602,978
5603,978
5604,978
5605,978
5606,978
5607,977
5608,977
5609,977
5610,977
5611,978
5612,978
5613,977
5614,977
5615,977
5616,871
5617,654
5618,440
5619,240
5620,57
5621,0
5622,0
5623,0
5624,0
5625,0
5626,0
5627,0
5628,0
5629,0
5630,0
5631,0
5632,0
5633,0
5634,0
5635,0
5636,0
5637,0
5638,0
5639,0
5640,0
5641,0
5642,0
5643,0
5644,0
5645,0
5646,0
5647,0
5648,0
5649,0
5650,0
5651,57
5652,129
5653,195
5654,253
5655,301
5656,341
5657,374
5658,402
5659,425
5660,444
5661,464
5662,479
5663,496
5664,512
5665,530
5666,548
5667,567
5668,589
5669,610
5670,628
5671,647
5672,663
5673,675
5674,682
5675,687
5676,688
5677,687
5678,684
5679,682
5680,680
5681,679
5682,680
5683,680
5684,678
5685,676
5686,671
5687,662
5688,651
5689,637
5690,622
5691,604
5692,585
5693,565
5694,546
5695,529
5696,513
5697,499
5698,487
5699,479
5700,476
5701,474
5702,472
5703,467
5704,462
5705,459
5706,455
5707,453
5708,452
5709,455
5710,458
5711,465
5712,470
5713,475
5714,480
5715,480
5716,475
5717,466
5718,452
5719,434
5720,413
5721,388
5722,359
5723,329
5724,296
5725,265
5726,232
5727,200
5728,174
5729,152
5730,133
5731,122
5732,113
5733,111
5734,114
5735,119
5736,126
5737,137
5738,145
5739,154
5740,162
5741,169
5742,175
5743,182
5744,188
5745,196
5746,204
5747,212
5748,222
5749,234
5750,247
5751,260
5752,276
5753,292
5754,308
5755,324
5756,337
5757,348
5758,358
5759,364
5760,369
5761,374
5762,377
5763,383
5764,388
5765,395
5766,401
5767,408
5768,417
5769,426
5770,435
5771,446
5772,456
5773,464
5774,473
5775,481
5776,487
5777,496
5778,506
5779,522
5780,541
5781,567
5782,606
5783,655
5784,712
5785,781
5786,853
5787,933
5788,977
5789,977
5790,976
5791,977
5792,977
5793,977
5794,977
5795,977
5796,976
5797,977
5798,977
5799,977
5800,977
5801,976
5802,977
5803,976
5804,977
5805,976
5806,977
5807,977
5808,976
5809,977
5810,922
5811,838
5812,758
5813,683
5814,617
5815,561
5816,514
5817,476
5818,449
5819,430
5820,419
5821,413
5822,413
5823,416
5824,423
5825,431
5826,440
5827,450
5828,457
5829,462
5830,468
5831,469
5832,467
5833,462
5834,454
5835,443
5836,428
5837,413
5838,395
5839,376
5840,357
5841,338
5842,322
5843,307
5844,296
5845,288
5846,280
5847,276
5848,274
5849,274
5850,272
5851,272
5852,271
5853,273
5854,278
5855,289
5856,306
5857,329
5858,359
5859,395
5860,438
5861,486
5862,537
5863,595
5864,652
5865,710
5866,764
5867,812
5868,849
5869,878
5870,895
5871,903
5872,900
5873,888
5874,871
5875,849
5876,824
5877,798
5878,772
5879,749
5880,729
5881,712
5882,698
5883,688
5884,679
5885,674
5886,666
5887,660
5888,654
5889,645
5890,637
5891,627
5892,617
5893,604
5894,584
5895,567
5896,557
5897,557
5898,552
5899,544
5900,536
5901,521
5902,504
5903,492
5904,484
5905,478
5906,476
5907,472
5908,472
5909,471
5910,470
5911,470
5912,470
5913,471
5914,472
5915,474
5916,479
5917,489
5918,506
5919,534
5920,574
5921,629
5922,693
5923,765
5924,838
5925,909
5926,973
5927,977
5928,977
5929,977
5930,977
5931,977
5932,977
5933,978
5934,978
5935,977
5936,977
5937,978
5938,978
5939,977
5940,978
5941,977
5942,978
5943,927
5944,862
5945,799
5946,741
5947,689
5948,648
5949,612
5950,585
5951,563
5952,548
5953,534
5954,526
5955,520
5956,513
5957,509
5958,504
5959,501
5960,496
5961,493
5962,489
5963,484
5964,479
5965,474
5966,468
5967,463
5968,458
5969,453
5970,447
5971,440
5972,432
5973,427
5974,418
5975,410
5976,402
5977,394
5978,384
5979,377
5980,370
5981,363
5982,356
5983,349
5984,342
5985,338
5986,337
5987,341
